"Gene_Name","Number_of_binding_site","Average_strength_of_binding","Expression_covariation"
"FBgn0011204",16,8.684444444,0.966048805
"FBgn0037327",13,10.785,0.953139252
"FBgn0261862",18,10.58857143,0.947727422
"FBgn0035207",12,6.738333333,0.944905395
"FBgn0031233",30,7.53047619,0.942680341
"FBgn0026238",17,8.388,0.939698414
"FBgn0015360",18,6.4325,0.936690161
"FBgn0036117",6,6.806666667,0.932292221
"FBgn0259978",15,9.8,0.930475188
"FBgn0036484",25,9.892,0.929382591
"FBgn0039350",8,9.864,0.928438627
"FBgn0027453",29,6.524444444,0.908214955
"FBgn0259247",13,8.826666667,0.904518148
"FBgn0001142",21,6.34952381,0.902447611
"FBgn0003138",7,6.591428571,0.896276401
"FBgn0260439",20,11.6,0.892528277
"FBgn0027507",7,5.805,0.887401619
"FBgn0005278",5,6.557087379,0.887051261
"FBgn0037376",21,8.855,0.885395086
"FBgn0038149",8,7.15,0.877364369
"FBgn0004611",6,8.43,0.876796129
"FBgn0026576",13,3.653333333,0.87572029
"FBgn0037236",21,5.715957447,0.871747834
"FBgn0037218",15,6.584,0.858324792
"FBgn0037074",19,6.736,0.856668918
"FBgn0000146",17,5.537142857,0.8558381
"FBgn0040005",4,6.64,0.853439947
"FBgn0261387",12,6.581666667,0.84912533
"FBgn0037252",13,6.627297297,0.84660979
"FBgn0261938",5,6.472,0.840857809
"FBgn0051457",13,7.133333333,0.835701296
"FBgn0043458",10,8.598,0.832733636
"FBgn0263236",6,9.63,0.820869166
"FBgn0250746",11,5.754545455,0.817387024
"FBgn0039994",13,3.481538462,0.816311365
"FBgn0020386",11,4.64,0.815140869
"FBgn0038432",7,6.557142857,0.814513317
"FBgn0033005",30,10.69818182,0.813920036
"FBgn0264712",14,6.664,0.810925515
"FBgn0000250",5,6.476,0.810424355
"FBgn0037234",18,6.629473684,0.809912559
"FBgn0037239",16,5.505555556,0.806429848
"FBgn0035238",9,4.782222222,0.80285477
"FBgn0037653",6,3.566666667,0.795448705
"FBgn0031244",11,5.650909091,0.791838578
"FBgn0035165",9,4.357777778,0.785158172
"FBgn0031213",9,5.616086957,0.784880595
"FBgn0037298",8,4.91,0.767022226
"FBgn0039711",7,3.674285714,0.763307875
"FBgn0039740",7,3.556,0.760040374
"FBgn0031660",9,5.466666667,0.754493452
"FBgn0086130",13,6.730769231,0.749143079
"FBgn0261698",9,4.406666667,0.743274333
"FBgn0037369",20,4.946666667,0.739370997
"FBgn0002284",15,7.168,0.738239077
"FBgn0037232",11,5.728235294,0.737487845
"FBgn0003015",6,5.473333333,0.736860457
"FBgn0052109",14,7.87,0.733661215
"FBgn0039112",10,3.47,0.722236691
"FBgn0037312",13,4.649230769,0.721619063
"FBgn0010333",10,5.584,0.709812836
"FBgn0260755",10,3.442,0.70565638
"FBgn0259791",6,4.833333333,0.699033855
"FBgn0037339",9,3.92,0.698039398
"FBgn0033000",8,4.56,0.693779126
"FBgn0035166",22,6.545,0.690865285
"FBgn0263697",10,7,0.685758328
"FBgn0086912",27,6.581481481,0.685083524
"FBgn0028436",7,6.56,0.679561448
"FBgn0040466",10,6.552,0.67536915
"FBgn0031360",30,5.40142857,0.673017839
"FBgn0086605",25,6.707894737,0.669608039
"FBgn0032997",12,3.691666667,0.668118286
"FBgn0261985",6,4.446666667,0.666151828
"FBgn0037379",18,5.806666667,0.662937013
"FBgn0028372",21,3.74,0.655842362
"FBgn0010355",11,5.815,0.653478212
"FBgn0027587",17,3.582692308,0.649518274
"FBgn0250830",12,4.510833333,0.648200124
"FBgn0035204",10,3.707,0.64691706
"FBgn0053158",7,5.722857143,0.633676974
"FBgn0035107",23,4.631724138,0.630825731
"FBgn0004373",12,3.641666667,0.630797513
"FBgn0037603",9,5.548888889,0.629470721
"FBgn0035471",24,6.806666667,0.620837264
"FBgn0031231",30,4.632666667,0.615608463
"FBgn0037358",10,5.886,0.613996922
"FBgn0052479",8,3.365,0.611271989
"FBgn0031298",5,4.992,0.581096626
"FBgn0000546",10,3.338,0.576294758
"FBgn0025777",13,5.92,0.558611361
"FBgn0035111",20,5.63027027,0.556629851
"FBgn0000018",7,4.53,0.545372578
"FBgn0031398",8,3.57,0.541980482
"FBgn0053094",10,4.79,0.537488494
"FBgn0004436",9,4.765714286,0.536181636
"FBgn0010704",7,4.58,0.524918335
"FBgn0003882",14,3.596585366,0.516108561
"FBgn0262117",16,6.58047619,0.512962801
"FBgn0259234",14,8.6,0.509357446
"FBgn0031374",7,6.642857143,0.493747928
"FBgn0033010",11,6.580909091,0.488551808
"FBgn0003444",27,6.581481481,0.475327748
"FBgn0051619",10,7.106666667,0.451872035
"FBgn0015546",12,6.6,0.443609191
"FBgn0016119",8,6.646666667,0.442185001
"FBgn0037270",21,5.397692308,0.438933463
"FBgn0264574",5,5.682,0.437190314
"FBgn0017457",6,5.873333333,0.435617297
"FBgn0262115",15,4.59097561,0.424261791
"FBgn0037199",12,6.455,0.423478259
"FBgn0051344",6,6.82,0.418297547
"FBgn0260862",13,6.5,0.393665701
"FBgn0035102",27,6.511111111,0.39232358
"FBgn0024945",11,6.629,0.380958207
"FBgn0259212",8,6.48,0.380935135
"FBgn0035109",15,6.660338983,0.38035687
"FBgn0262169",21,6.514285714,0.376044006
"FBgn0015834",20,6.466666667,0.371358291
"FBgn0000464",11,7.2,0.358073399
"FBgn0260798",27,8.456,0.355711208
"FBgn0031663",9,7.28,0.348188606
"FBgn0029117",14,7.48,0.343351922
"FBgn0035136",13,7.453333333,0.343324475
"FBgn0035247",19,10.612105263,0.335424051
"FBgn0028539",12,8.805,0.32852482
"FBgn0035983",9,8.506666667,0.327507
"FBgn0031260",5,6.793333333,0.32637287
"FBgn0020248",5,7.792,0.31213163
"FBgn0037299",9,6.642222222,0.311490227
"FBgn0033961",13,7.5,0.309141337
"FBgn0067779",10,6.579571429,0.308426519
"FBgn0037282",16,6.38125,0.305610495
"FBgn0025806",5,6.628,0.297528287
"FBgn0031418",9,6.913333333,0.296519787
"FBgn0019949",7,6.374285714,0.280498721
"FBgn0260799",20,4.668571429,0.27982537
"FBgn0026372",13,8.498461538,0.278814758
"FBgn0034792",12,5.85,0.274155496
"FBgn0033912",8,4.733333333,0.272698863
"FBgn0262116",6,3.633623188,0.271763465
"FBgn0031270",22,6.688636364,0.270039874
"FBgn0031296",10,6.478,0.268733987
"FBgn0037244",21,6.72952381,0.261255815
"FBgn0037251",16,6.729285714,0.259169557
"FBgn0024912",7,4.8375,0.257905112
"FBgn0085203",20,4.556,0.25450094
"FBgn0027866",6,4.647246377,0.249334456
"FBgn0039213",10,4.564,0.248938802
"FBgn0039126",20,5.984,0.247640642
"FBgn0028952",9,5.457777778,0.243420747
"FBgn0020305",6,5.673333333,0.242533528
"FBgn0051658",13,5.730769231,0.222337138
"FBgn0033060",7,7.1,0.218834406
"FBgn0031281",7,4.415714286,0.21830074
"FBgn0039764",7,4.92,0.209500851
"FBgn0031229",30,7.510333333,0.209259605
"FBgn0002622",15,5.396,0.198692518
"FBgn0261261",7,7.82,0.193863253
"FBgn0053635",6,5.508888889,0.189725737
"FBgn0025676",8,7.59875,0.185123652
"FBgn0037351",26,5.57,0.183407688
"FBgn0037231",13,4.685263158,0.172679134
"FBgn0026417",23,3.629565217,0.16635007
"FBgn0034572",5,6.368,0.163626256
"FBgn0037330",4,6.99,0.163227789
"FBgn0260936",15,6.750909091,0.162976399
"FBgn0032957",32,7.106666667,0.159835266
"FBgn0003076",6,5.506666667,0.156287694
"FBgn0034493",13,7.653333333,0.131586968
"FBgn0010602",16,3.593333333,0.128537
"FBgn0263594",30,5.616666667,0.12290794
"FBgn0035254",11,3.727272727,0.113935315
"FBgn0037263",18,5.754444444,0.112886078
"FBgn0035141",7,4.705,0.108084051
"FBgn0000289",13,4.54,0.106532679
"FBgn0045035",9,3.933333333,0.104992697
"FBgn0035194",21,5.671428571,0.104749223
"FBgn0010909",13,5.626666667,0.09211316
"FBgn0037876",6,6.773333333,0.085421597
"FBgn0038111",7,7.3,0.078351658
"FBgn0003512",10,6.496666667,0.076496302
"FBgn0011227",5,6.728,0.067213673
"FBgn0001086",11,6.63,0.056309168
"FBgn0035162",8,6.3775,0.053208712
"FBgn0034579",13,6.94,0.045814484
"FBgn0037249",15,6.637068966,0.044165421
"FBgn0035169",9,5.902222222,0.043407497
"FBgn0037235",26,4.605405405,0.02937026
"FBgn0031227",16,3.58125,0.029091632
"FBgn0032821",6,3.736666667,0.026883297
"FBgn0037220",21,3.626818182,0.023183439
"FBgn0025286",9,4.82,0.009269616
"FBgn0024806",15,6.670666667,0.008597242
"FBgn0036998",10,5.973333333,0.007407933
"FBgn0015331",17,5.562916667,0.006672197
"FBgn0016034",13,7.28,0.956536598
"FBgn0002673",3,5.186666667,0.940171802
"FBgn0033050",3,3.246666667,0.927903119
"FBgn0250850",13,3.293333333,0.924150289
"FBgn0033236",13,3.226666667,0.920457063
"FBgn0036887",3,3.82,0.920325775
"FBgn0032172",14,6.61,0.916138799
"FBgn0029092",14,6.13,0.9113849
"FBgn0020620",3,3.426666667,0.909260014
"FBgn0031284",3,4.733333333,0.894624598
"FBgn0036927",15,4.444,0.889528909
"FBgn0031573",18,7.68,0.88536991
"FBgn0039554",13,5.313333333,0.884280012
"FBgn0033055",4,4.39,0.874692938
"FBgn0053145",4,3.115,0.869780075
"FBgn0260972",3,5.74,0.866531647
"FBgn0000158",18,4.61,0.849864353
"FBgn0031739",3,4.093333333,0.848114892
"FBgn0020545",15,3.512,0.834748469
"FBgn0038745",6,3.333333333,0.831474412
"FBgn0002901",14,3.386666667,0.822963082
"FBgn0027579",15,4.136,0.812835088
"FBgn0032214",5,4.448,0.812413859
"FBgn0051523",4,5.235,0.809928858
"FBgn0024510",4,3.2775,0.805367055
"FBgn0026570",6,6.553333333,0.795041552
"FBgn0036908",10,7.5,0.7840665
"FBgn0038805",30,7.093333333,0.770451372
"FBgn0035209",4,3.4,0.763095908
"FBgn0262110",15,3.425,0.758603128
"FBgn0046247",10,4.873333333,0.747129624
"FBgn0026616",25,3.74,0.747019225
"FBgn0034269",3,5.473333333,0.725620576
"FBgn0038424",15,6.546666667,0.718386858
"FBgn0002031",13,4.753333333,0.71707806
"FBgn0027495",14,3.34,0.707988671
"FBgn0033273",13,3.346666667,0.702475032
"FBgn0037620",9,3.2,0.680215962
"FBgn0031741",13,7.093333333,0.671577481
"FBgn0038425",9,4.546666667,0.654956802
"FBgn0031310",3,3.226666667,0.65437917
"FBgn0033015",9,5.472,0.654324696
"FBgn0051109",4,4.38,0.653105759
"FBgn0051852",7,5.28,0.647130451
"FBgn0027493",10,4.36,0.642017458
"FBgn0039710",10,5.528,0.633533227
"FBgn0000662",3,4.153333333,0.628870762
"FBgn0023000",3,3.8,0.620522615
"FBgn0033377",4,4.445,0.609107289
"FBgn0022985",13,3.58,0.606583383
"FBgn0033479",8,4.413333333,0.605227641
"FBgn0016078",3,4.533333333,0.604416234
"FBgn0001202",11,3.626666667,0.602110937
"FBgn0036735",3,5.633333333,0.596489926
"FBgn0031401",3,4.426666667,0.593023572
"FBgn0002044",3,3.553333333,0.587906376
"FBgn0034945",12,4.28,0.58646039
"FBgn0062440",6,5.36,0.585348674
"FBgn0038816",7,5.593333333,0.575563371
"FBgn0010620",4,3.27,0.575302128
"FBgn0035151",3,3.546666667,0.571687767
"FBgn0038721",4,3.4325,0.566427853
"FBgn0040823",4,5.315,0.566162606
"FBgn0034590",4,3.13,0.561021849
"FBgn0037671",7,3.186666667,0.559794465
"FBgn0016031",3,4.313333333,0.558851004
"FBgn0039302",6,3.7,0.55783555
"FBgn0001224",3,4.06,0.546212691
"FBgn0033427",6,5.59,0.544822333
"FBgn0035906",6,5.445,0.543292172
"FBgn0261854",4,3.52,0.537130453
"FBgn0022069",3,4.36,0.527438824
"FBgn0250785",3,6.373333333,0.522272372
"FBgn0001225",3,3.06,0.519352217
"FBgn0031247",7,4.628571429,0.517622923
"FBgn0036258",3,4.34,0.505569004
"FBgn0035210",3,4.513333333,0.504598598
"FBgn0016691",3,3.78,0.499355661
"FBgn0035600",3,4.313333333,0.496423657
"FBgn0020270",7,3.208571429,0.494891546
"FBgn0035639",3,3.873333333,0.492923997
"FBgn0032847",3,4.466666667,0.47648776
"FBgn0052068",4,4.335,0.476247536
"FBgn0034800",4,3.215,0.476207648
"FBgn0033052",4,3.39,0.449786128
"FBgn0031479",3,4.406666667,0.433288573
"FBgn0250791",4,3.255,0.432837955
"FBgn0037009",4,5.45,0.426577831
"FBgn0033039",4,3.605,0.422511228
"FBgn0085229",10,5.418,0.417155767
"FBgn0085242",15,4.192,0.417072533
"FBgn0032515",14,3.71,0.413152768
"FBgn0037377",14,4.535,0.406190447
"FBgn0003279",10,3.313333333,0.404904969
"FBgn0035393",3,6.386666667,0.402341667
"FBgn0014092",4,4.41,0.392446756
"FBgn0067864",15,8.426,0.381332459
"FBgn0043841",7,4.297142857,0.380661115
"FBgn0024958",13,3.246666667,0.37974417
"FBgn0260049",13,5.653333333,0.376847226
"FBgn0036509",11,4.25,0.366042925
"FBgn0035211",6,3.265,0.361347049
"FBgn0035251",4,3.455,0.357075042
"FBgn0051739",13,3.5,0.355149822
"FBgn0264331",11,8.287272727,0.344057243
"FBgn0026718",13,4.426666667,0.343041562
"FBgn0040323",4,3.2,0.33507163
"FBgn0033374",4,6.525,0.326130721
"FBgn0033380",3,3.226666667,0.311016697
"FBgn0028473",13,3.34,0.307851857
"FBgn0031830",13,3.926666667,0.3020018
"FBgn0016756",4,4.72,0.298293368
"FBgn0037878",3,3.406666667,0.298112111
"FBgn0033184",4,3.34,0.290814922
"FBgn0036726",14,3.45,0.276692083
"FBgn0004106",10,3.365,0.274414186
"FBgn0031738",3,3.093333333,0.268780164
"FBgn0031711",4,3.7,0.268451428
"FBgn0039713",9,3.488888889,0.249707528
"FBgn0010342",6,3.59,0.235359747
"FBgn0031992",13,3.52,0.235225134
"FBgn0036062",4,3.315,0.23308437
"FBgn0036826",3,3.473333333,0.228456835
"FBgn0035771",8,6.165,0.201805485
"FBgn0035720",3,3.64,0.185244279
"FBgn0010288",13,3.426666667,0.183534439
"FBgn0031268",6,6.291666667,0.179971699
"FBgn0012034",4,5.325,0.176368787
"FBgn0053213",7,5.168571429,0.166885473
"FBgn0042712",14,4.2,0.158285672
"FBgn0010113",14,4.45,0.15499865
"FBgn0036340",3,3.2,0.142724453
"FBgn0086710",3,3.19,0.140929407
"FBgn0031760",3,5.693333333,0.12823789
"FBgn0086856",4,4.88,0.124144261
"FBgn0003545",3,3.32,0.115086938
"FBgn0034405",4,3.61,0.103548649
"FBgn0261562",3,6.233333333,0.098324247
"FBgn0027513",4,3.27,0.080992488
"FBgn0034628",3,3.646666667,0.076470633
"FBgn0028683",3,5.626666667,0.073557897
"FBgn0040007",5,3.56,0.062126106
"FBgn0031459",3,3.54,0.059069714
"FBgn0016696",3,3.7,0.050542996
"FBgn0260861",12,4.393333333,0.037978992
"FBgn0051866",4,3.2,0.037875105
"FBgn0262603",5,4.504,0.035883495
"FBgn0035336",3,3.5,0.035151755
"FBgn0262970",5,3.54,0.027836669
"FBgn0029514",8,5.785,-0.005775463
"FBgn0037241",34,6.697058824,-0.009357171
"FBgn0004777",16,5.7775,-0.013156371
"FBgn0041191",15,7.92,-0.013396878
"FBgn0035253",6,4.093333333,-0.016299235
"FBgn0033376",5,6.448,-0.019932498
"FBgn0039114",5,3.48,-0.021278034
"FBgn0038302",6,6.38,-0.024540686
"FBgn0004870",8,5.66,-0.026822167
"FBgn0010750",8,3.5125,-0.029384852
"FBgn0031631",6,3.98,-0.033098616
"FBgn0052069",4,3.77,-0.034085786
"FBgn0035159",7,5.618571429,-0.036634762
"FBgn0037230",6,3.564307692,-0.039053271
"FBgn0028734",4,6.73,-0.055970703
"FBgn0032869",10,7.48,-0.056506075
"FBgn0035146",17,6.784705882,-0.058233544
"FBgn0039130",4,7.08,-0.061343387
"FBgn0035298",17,7.834285714,-0.063631359
"FBgn0038407",4,4.755,-0.064099191
"FBgn0037923",12,5.673333333,-0.064674491
"FBgn0031384",7,4.794285714,-0.069611795
"FBgn0039116",6,3.47,-0.071421339
"FBgn0028540",11,4.603636364,-0.072100236
"FBgn0016715",15,3.845333333,-0.073078203
"FBgn0020279",8,4.812,-0.078745027
"FBgn0263346",16,3.64375,-0.080260267
"FBgn0001316",4,3.515,-0.085850864
"FBgn0032871",6,3.69,-0.09185967
"FBgn0037228",15,4.700196078,-0.095776279
"FBgn0025592",11,4.627941176,-0.097044513
"FBgn0037265",10,3.456,-0.098010863
"FBgn0033431",9,4.666666667,-0.09968438
"FBgn0013753",6,6.656666667,-0.104297799
"FBgn0262955",3,7.18,-0.105437604
"FBgn0035110",3,6.605903614,-0.107226395
"FBgn0027066",7,3.48,-0.109206224
"FBgn0026427",7,6.55,-0.115666726
"FBgn0004378",10,6.544,-0.116097084
"FBgn0035199",7,4.02,-0.11715523
"FBgn0037313",8,3.6875,-0.120970897
"FBgn0003510",5,3.556,-0.125789474
"FBgn0016977",13,4.502352941,-0.130262477
"FBgn0260756",26,5.428888889,-0.130311193
"FBgn0033246",11,3.786666667,-0.138034533
"FBgn0036574",3,5.73,-0.158128985
"FBgn0028675",4,5.84,-0.160340055
"FBgn0039588",13,7.006666667,-0.169879868
"FBgn0037262",18,3.754444444,-0.174240958
"FBgn0031399",12,3.496666667,-0.182089629
"FBgn0003415",4,6.96,-0.182369298
"FBgn0032491",21,7.256,-0.183814457
"FBgn0031228",10,6.447,-0.184373758
"FBgn0037215",8,4.599302326,-0.1858679
"FBgn0034877",4,7.01,-0.188245814
"FBgn0035189",30,3.794666667,-0.190353646
"FBgn0031294",8,3.79,-0.191928411
"FBgn0035287",16,4.44,-0.192545712
"FBgn0037240",12,5.530222222,-0.19639202
"FBgn0086758",11,3.405,-0.1971065
"FBgn0022981",12,3.691666667,-0.197893134
"FBgn0028481",13,4.48,-0.198472242
"FBgn0032026",12,4.701666667,-0.200808828
"FBgn0035268",10,5.579,-0.202563074
"FBgn0037225",12,6.782439024,-0.202626636
"FBgn0013755",9,5.677777778,-0.205564783
"FBgn0035144",8,3.5525,-0.206687759
"FBgn0038806",10,3.576,-0.207443371
"FBgn0027538",14,4.83,-0.215717469
"FBgn0031253",13,4.915384615,-0.219175303
"FBgn0037217",16,5.460793651,-0.219180865
"FBgn0035318",18,5.723333333,-0.228833289
"FBgn0031285",20,3.52,-0.228890156
"FBgn0032812",4,5.73,-0.228959882
"FBgn0035227",7,3.782857143,-0.231444657
"FBgn0046222",8,5.995,-0.23542655
"FBgn0031220",31,3.564117647,-0.24123745
"FBgn0010424",6,3.466666667,-0.243682894
"FBgn0013342",24,4.61375,-0.245405042
"FBgn0052311",18,3.4925,-0.245661886
"FBgn0037224",16,4.588392857,-0.248644341
"FBgn0037317",8,3.4925,-0.249690953
"FBgn0086906",5,3.552,-0.25200646
"FBgn0027491",4,3.68,-0.257173066
"FBgn0035431",3,3.926666667,-0.259086262
"FBgn0263109",4,3.74,-0.262717832
"FBgn0039766",7,3.92,-0.26621894
"FBgn0263113",5,4.468,-0.270579801
"FBgn0051100",6,3.566666667,-0.280932419
"FBgn0031216",27,4.585185185,-0.281240694
"FBgn0035266",6,3.636666667,-0.296009453
"FBgn0051481",19,4.547894737,-0.296815021
"FBgn0036648",5,7.168,-0.297146619
"FBgn0038809",4,3.5,-0.301163258
"FBgn0035203",11,3.55,-0.305157013
"FBgn0033032",7,3.64,-0.306068596
"FBgn0037372",9,4.566666667,-0.306937128
"FBgn0041605",7,3.648219178,-0.30786663
"FBgn0015905",20,4.476666667,-0.309457994
"FBgn0035751",4,3.68,-0.312607526
"FBgn0027570",13,4.573846154,-0.317478567
"FBgn0052475",15,4.630243902,-0.319231024
"FBgn0261437",5,5.6,-0.321927208
"FBgn0051974",16,3.567826087,-0.328384476
"FBgn0051559",14,4.678571429,-0.329013071
"FBgn0025683",16,3.510645161,-0.330380793
"FBgn0052944",27,5.472592593,-0.334256171
"FBgn0051632",11,3.833333333,-0.334468699
"FBgn0035325",9,5.344444444,-0.33691558
"FBgn0036662",6,3.93,-0.34004971
"FBgn0031634",16,3.653333333,-0.346940563
"FBgn0043364",23,3.695384615,-0.356560664
"FBgn0010395",5,7.044,-0.360519911
"FBgn0039769",6,3.906666667,-0.363066388
"FBgn0032221",6,3.6,-0.363328382
"FBgn0037678",11,3.670909091,-0.3672221
"FBgn0039157",4,4.07,-0.379905241
"FBgn0051973",18,4.63872093,-0.388001081
"FBgn0035103",15,3.699782609,-0.391010385
"FBgn0025712",10,3.63,-0.392674863
"FBgn0036977",4,4.68,-0.394005244
"FBgn0002021",9,7.116,-0.395188985
"FBgn0039688",10,3.636,-0.402493767
"FBgn0261613",12,4.601428571,-0.408224413
"FBgn0000099",6,4.81,-0.408870435
"FBgn0262126",4,3.55,-0.413202412
"FBgn0002121",11,3.583333333,-0.41379196
"FBgn0031261",6,3.906666667,-0.414498317
"FBgn0260794",23,4.629565217,-0.420925922
"FBgn0264479",3,4.466666667,-0.421941883
"FBgn0031252",14,3.892857143,-0.431615997
"FBgn0010225",15,3.688636364,-0.433590292
"FBgn0031818",3,6.6,-0.440651312
"FBgn0031377",3,3.5,-0.444132043
"FBgn0037297",13,4.88,-0.445772371
"FBgn0050156",8,3.775,-0.447259925
"FBgn0000043",12,3.776666667,-0.448282646
"FBgn0037347",8,3.495,-0.451242791
"FBgn0037046",3,4.613333333,-0.453200956
"FBgn0032901",7,3.454285714,-0.454184577
"FBgn0086768",5,3.68,-0.458955833
"FBgn0035440",5,4.74,-0.465515801
"FBgn0050460",3,3.826666667,-0.477418841
"FBgn0035248",3,3.7425,-0.477530405
"FBgn0036991",3,5.85,-0.480351856
"FBgn0031239",6,4.853333333,-0.482811994
"FBgn0037309",14,4.7625,-0.483728793
"FBgn0031224",12,3.5675,-0.486457207
"FBgn0261436",18,4.645625,-0.49152059
"FBgn0038431",7,3.557142857,-0.49379232
"FBgn0031286",14,3.62,-0.49533602
"FBgn0035415",4,3.5,-0.496138726
"FBgn0037435",6,4.716666667,-0.498438298
"FBgn0020622",10,4.48,-0.500056855
"FBgn0035678",25,3.993333333,-0.501992761
"FBgn0033520",4,4.44,-0.502049103
"FBgn0053107",15,6.724,-0.504471964
"FBgn0031251",13,4.2,-0.505087213
"FBgn0004603",3,3.646666667,-0.505546339
"FBgn0035923",5,3.66,-0.507602148
"FBgn0053229",15,3.692222222,-0.516126344
"FBgn0261429",12,4.764166667,-0.516267352
"FBgn0036988",13,4.833333333,-0.517006258
"FBgn0033373",5,3.448,-0.518428607
"FBgn0031238",25,4.5832,-0.518699035
"FBgn0040765",3,5.84,-0.521822569
"FBgn0010323",14,3.736428571,-0.524843299
"FBgn0085335",16,3.67,-0.532152627
"FBgn0035106",13,3.627096774,-0.538681427
"FBgn0035099",30,3.718666667,-0.540794475
"FBgn0261554",6,3.396666667,-0.542477521
"FBgn0027949",16,7,-0.542714364
"FBgn0015524",21,4.426666667,-0.543043894
"FBgn0026787",15,4.573207547,-0.543367086
"FBgn0002931",34,4.53,-0.550960364
"FBgn0002774",7,4.822857143,-0.552537694
"FBgn0010772",8,4.59,-0.552591553
"FBgn0035113",22,4.568888889,-0.552770222
"FBgn0031245",27,4.511111111,-0.553281086
"FBgn0037248",12,6.610705882,-0.556550354
"FBgn0026370",8,7.32,-0.568729005
"FBgn0262467",9,6.466666667,-0.573817928
"FBgn0051522",3,7.48,-0.573826777
"FBgn0033062",9,3.575555556,-0.575438654
"FBgn0262867",7,3.742857143,-0.577751766
"FBgn0003557",9,4.582222222,-0.579769464
"FBgn0027786",12,5.704545455,-0.580497249
"FBgn0010453",16,3.653333333,-0.582057357
"FBgn0034726",5,4.52,-0.584869095
"FBgn0032154",5,5.464,-0.592045127
"FBgn0052476",6,3.646666667,-0.596844353
"FBgn0016054",6,3.69,-0.599653902
"FBgn0035270",3,3.5,-0.601290495
"FBgn0031359",7,4.401428571,-0.607920468
"FBgn0037301",12,4.873333333,-0.610560313
"FBgn0037391",8,5.9325,-0.612554689
"FBgn0034542",22,6.993333333,-0.616306316
"FBgn0035147",16,3.58,-0.616903446
"FBgn0031574",4,5.665,-0.617958569
"FBgn0086695",9,3.633333333,-0.61910716
"FBgn0027930",3,3.53375,-0.621437031
"FBgn0037250",8,4.619655172,-0.621441965
"FBgn0025525",12,3.67,-0.625391839
"FBgn0259818",29,4.535897436,-0.627515344
"FBgn0011817",4,3.48,-0.630044885
"FBgn0037921",12,3.79,-0.632049336
"FBgn0010313",6,3.913333333,-0.632279222
"FBgn0026309",5,4.904,-0.635307427
"FBgn0031287",10,4.562,-0.639266852
"FBgn0037342",7,5.511428571,-0.643507448
"FBgn0031344",12,6.621666667,-0.645515768
"FBgn0011297",3,5.82,-0.648553039
"FBgn0031321",9,5.544444444,-0.650930066
"FBgn0010438",15,6.792,-0.651102732
"FBgn0052343",8,4.525,-0.653897494
"FBgn0033913",9,3.765,-0.655923105
"FBgn0031265",7,3.817142857,-0.656080412
"FBgn0261434",16,3.604285714,-0.65898459
"FBgn0037293",18,3.624444444,-0.660505712
"FBgn0037242",29,4.607096774,-0.66156729
"FBgn0037364",12,5.611666667,-0.662291284
"FBgn0035235",15,5.6,-0.663244897
"FBgn0013576",18,4.57,-0.669032511
"FBgn0035285",18,4.64,-0.670125181
"FBgn0020304",15,3.564,-0.671810393
"FBgn0024326",8,3.735,-0.672686695
"FBgn0051211",4,3.72,-0.675132835
"FBgn0033884",11,3.645,-0.67594709
"FBgn0037371",13,3.966666667,-0.682873825
"FBgn0011656",6,3.453333333,-0.687690316
"FBgn0039210",3,4.02,-0.690167497
"FBgn0032489",4,7.32,-0.691593977
"FBgn0002522",11,6.585454545,-0.692279013
"FBgn0027597",6,3.63,-0.692942131
"FBgn0033890",4,3.855,-0.69326666
"FBgn0036999",10,5.973333333,-0.698115838
"FBgn0035205",11,3.549090909,-0.703296707
"FBgn0035267",10,3.538,-0.706721145
"FBgn0037025",14,3.53,-0.707168327
"FBgn0033038",11,3.570909091,-0.70868432
"FBgn0259823",3,3.933333333,-0.709723579
"FBgn0035101",12,4.643,-0.709880004
"FBgn0035229",11,4.621818182,-0.71019598
"FBgn0035158",3,5.82,-0.711118866
"FBgn0035264",7,6.662857143,-0.717660105
"FBgn0004635",11,6.716,-0.720772849
"FBgn0031304",13,4.286153846,-0.722277601
"FBgn0025725",5,3.784,-0.727460437
"FBgn0261243",10,5.9,-0.732894313
"FBgn0028563",8,4.66,-0.733777319
"FBgn0050431",7,3.748571429,-0.735626211
"FBgn0264694",13,6.66,-0.739025111
"FBgn0037279",6,5.496666667,-0.739433429
"FBgn0262109",15,4.692222222,-0.745053142
"FBgn0035145",10,5.53,-0.751983612
"FBgn0037261",11,5.687272727,-0.757835623
"FBgn0002543",6,3.556666667,-0.761549999
"FBgn0035237",7,4.54,-0.767125179
"FBgn0262624",15,7.42,-0.771179094
"FBgn0031250",13,3.580769231,-0.775404889
"FBgn0010228",5,4.956,-0.775858182
"FBgn0039189",8,5.786666667,-0.776057465
"FBgn0039348",13,3.586666667,-0.776488033
"FBgn0031379",15,4.688,-0.785565494
"FBgn0029095",12,5.643333333,-0.787145406
"FBgn0020257",5,4.536,-0.796700962
"FBgn0051638",8,4.29,-0.799325691
"FBgn0026179",13,3.946666667,-0.799616066
"FBgn0264707",5,3.76,-0.801592337
"FBgn0037439",4,3.675,-0.803413538
"FBgn0011704",5,3.972,-0.807101534
"FBgn0037633",19,4.857777778,-0.811379998
"FBgn0053526",12,4.455,-0.817077518
"FBgn0028789",13,4.706666667,-0.827944157
"FBgn0023214",6,7.006666667,-0.828708441
"FBgn0037213",18,5.614879743,-0.833559586
"FBgn0013725",14,3.68,-0.848000739
"FBgn0000071",23,4.556521739,-0.851299371
"FBgn0041160",6,3.733333333,-0.868905589
"FBgn0035236",15,3.608,-0.874190435
"FBgn0026320",17,5.617142857,-0.875591207
"FBgn0086519",3,4.766666667,-0.007106252
"FBgn0027790",4,3.405,-0.016460797
"FBgn0065099",3,3.473333333,-0.02133761
"FBgn0011695",4,4.625,-0.029376284
"FBgn0038951",13,4.5,-0.031053931
"FBgn0033429",18,4.4925,-0.036834681
"FBgn0037384",15,3.512,-0.038760798
"FBgn0035323",14,6.53,-0.04211091
"FBgn0034919",14,3.74,-0.044775821
"FBgn0025693",15,6.724,-0.055496735
"FBgn0031422",13,6.42,-0.071980572
"FBgn0034321",13,4.363333333,-0.074581857
"FBgn0027585",13,4.673333333,-0.076343977
"FBgn0027951",16,4.42,-0.091458969
"FBgn0014417",15,5.248,-0.098533288
"FBgn0022160",13,3.746666667,-0.099855573
"FBgn0010482",13,5.24,-0.104550579
"FBgn0002891",30,4.06,-0.105492902
"FBgn0015582",30,4.44,-0.106423681
"FBgn0014366",24,4.47,-0.107495468
"FBgn0010470",13,6.68,-0.10825208
"FBgn0038049",23,6.513333333,-0.110359108
"FBgn0026401",23,3.35,-0.111830858
"FBgn0263144",3,3.213333333,-0.11938452
"FBgn0050342",3,3.74,-0.119622841
"FBgn0033785",15,3.48,-0.121864273
"FBgn0033735",3,3.28,-0.135450385
"FBgn0003391",3,3.606666667,-0.141780024
"FBgn0042083",3,3.24,-0.162334642
"FBgn0050392",3,6.406666667,-0.171477202
"FBgn0010051",4,6.765,-0.17267331
"FBgn0085260",3,6.78,-0.173873865
"FBgn0051800",3,6.626666667,-0.177042098
"FBgn0052225",3,6.153333333,-0.186049376
"FBgn0037608",3,3.766666667,-0.192213854
"FBgn0027509",4,3.46,-0.202954467
"FBgn0001077",4,3.34,-0.209395275
"FBgn0033548",24,3.27,-0.21156939
"FBgn0036186",24,3.41,-0.211744715
"FBgn0035122",3,6.426666667,-0.211777303
"FBgn0022382",24,6.8,-0.214830279
"FBgn0035901",3,4.7,-0.228579486
"FBgn0038320",4,4.525,-0.230126061
"FBgn0003261",3,4.46,-0.233270401
"FBgn0032033",5,3.292,-0.242891972
"FBgn0031955",3,5.346666667,-0.245091814
"FBgn0259175",3,3.373333333,-0.245187969
"FBgn0033271",3,6.346666667,-0.248827001
"FBgn0036454",3,4.88,-0.254552067
"FBgn0042693",4,4.33,-0.261770129
"FBgn0086475",4,4.325,-0.26587896
"FBgn0000109",8,3.345,-0.270293828
"FBgn0032790",5,6.424,-0.270718447
"FBgn0037315",5,3.408,-0.273940868
"FBgn0031518",5,3.308,-0.274508561
"FBgn0263039",4,3.405,-0.276130955
"FBgn0035233",7,3.457142857,-0.284539894
"FBgn0003090",3,3.443333333,-0.285504765
"FBgn0036622",3,5.806666667,-0.288529078
"FBgn0033886",4,4.335,-0.289517755
"FBgn0037360",4,3.595,-0.297015323
"FBgn0037206",3,5.06,-0.30122878
"FBgn0037880",3,4.406666667,-0.312751115
"FBgn0015542",4,3.39,-0.318997286
"FBgn0262739",4,6.2,-0.321047071
"FBgn0037414",3,6.7,-0.323369629
"FBgn0035308",5,4.104,-0.337937281
"FBgn0039178",3,3.373333333,-0.340394725
"FBgn0028577",3,4.826666667,-0.340605494
"FBgn0033633",4,6.405,-0.346420314
"FBgn0004581",4,4.74,-0.349457335
"FBgn0032129",4,3.255,-0.349984508
"FBgn0034880",3,4.473333333,-0.350173482
"FBgn0002609",5,4.58,-0.352574958
"FBgn0003741",3,5.38,-0.3549519
"FBgn0039125",5,5.344,-0.358439608
"FBgn0032509",5,5.312,-0.360838364
"FBgn0035232",8,5.21,-0.361858463
"FBgn0026403",3,5.35,-0.367611561
"FBgn0264272",4,5.335,-0.368261051
"FBgn0004878",6,5.355,-0.373878259
"FBgn0033379",4,6.54,-0.375836253
"FBgn0011653",4,6.435,-0.379950463
"FBgn0039538",4,6.32,-0.380588018
"FBgn0037571",3,3.44,-0.393121463
"FBgn0035767",3,4.64,-0.401075549
"FBgn0035989",6,4.52,-0.402679226
"FBgn0062978",3,4.44,-0.407159336
"FBgn0035517",4,4.565,-0.407373304
"FBgn0041096",3,6.44,-0.411840229
"FBgn0028398",5,6.404,-0.413223579
"FBgn0035179",6,3.426666667,-0.420918079
"FBgn0261975",4,3.37,-0.428978093
"FBgn0261574",5,5.444,-0.429202741
"FBgn0003275",4,5.4,-0.433539356
"FBgn0000547",3,5.446666667,-0.434526128
"FBgn0032358",4,5.25,-0.441744152
"FBgn0032388",4,4.2,-0.444588586
"FBgn0015621",7,3.312857143,-0.451604258
"FBgn0261565",3,6.326666667,-0.453446141
"FBgn0051032",4,3.74,-0.456088105
"FBgn0036286",3,3.246666667,-0.467623717
"FBgn0038722",5,6.414,-0.467760207
"FBgn0003278",5,6.424,-0.4696329
"FBgn0037255",4,6.235,-0.473331465
"FBgn0033049",8,3.3425,-0.478247358
"FBgn0036537",4,3.25,-0.485672916
"FBgn0001296",4,6.6,-0.487635852
"FBgn0040763",3,6.44,-0.495554119
"FBgn0023416",4,3.66,-0.500912215
"FBgn0003308",3,3.433333333,-0.506677048
"FBgn0020309",4,3.39,-0.507312044
"FBgn0033872",3,6.593333333,-0.508242884
"FBgn0031312",3,3.093333333,-0.510639148
"FBgn0000497",4,6.5375,-0.511762245
"FBgn0250789",4,6.2775,-0.521955703
"FBgn0051950",3,5.186666667,-0.526677041
"FBgn0053051",4,6.325,-0.526843502
"FBgn0262468",3,4.376666667,-0.527839765
"FBgn0031375",6,4.226666667,-0.529852999
"FBgn0086365",6,4.333333333,-0.531054688
"FBgn0264711",4,4.705,-0.531700176
"FBgn0015778",3,4.54,-0.535448077
"FBgn0038194",4,3.72,-0.537538713
"FBgn0003435",9,4.337777778,-0.54388285
"FBgn0037492",4,3.235,-0.548054324
"FBgn0063485",3,3.153333333,-0.556212795
"FBgn0264718",5,4.528,-0.556618535
"FBgn0000543",3,4.546666667,-0.557701771
"FBgn0038803",3,4.453333333,-0.561980236
"FBgn0259139",4,4.34,-0.564402543
"FBgn0264326",4,4.32,-0.573041381
"FBgn0051717",3,4.28,-0.583464528
"FBgn0004863",3,3.786666667,-0.590449842
"FBgn0038318",4,3.525,-0.595404961
"FBgn0014870",3,5.473333333,-0.598053088
"FBgn0038617",3,6.246666667,-0.605062814
"FBgn0033716",3,5.48,-0.605980844
"FBgn0014380",6,4.363333333,-0.606996677
"FBgn0032924",3,5.283333333,-0.611943489
"FBgn0027548",3,5.226666667,-0.612455254
"FBgn0011604",3,5.626666667,-0.61274537
"FBgn0032195",4,5.38,-0.614260638
"FBgn0037818",3,3.19,-0.614697418
"FBgn0027094",4,3.3225,-0.615800767
"FBgn0035272",3,4.91,-0.64643259
"FBgn0031403",5,5.424,-0.64732847
"FBgn0264294",3,4.286666667,-0.648249547
"FBgn0038856",4,5.34,-0.654363239
"FBgn0000097",6,6.376666667,-0.657007602
"FBgn0038950",3,5.5,-0.66053491
"FBgn0036150",3,3.553333333,-0.661586265
"FBgn0039404",3,4.386666667,-0.662417587
"FBgn0032814",3,5.38,-0.666599127
"FBgn0037329",9,3.495555556,-0.668458123
"FBgn0260648",16,4.391666667,-0.67136905
"FBgn0004587",13,5.293333333,-0.674848739
"FBgn0033674",15,4.536,-0.675277649
"FBgn0032202",4,4.585,-0.676640987
"FBgn0033235",4,4.575,-0.677934399
"FBgn0034176",17,4.402857143,-0.681542749
"FBgn0035195",14,4.295,-0.685717015
"FBgn0039209",13,4.293333333,-0.686871138
"FBgn0035424",13,3.683333333,-0.687651369
"FBgn0017577",13,3.286666667,-0.696404996
"FBgn0027594",5,5.5,-0.697214298
"FBgn0034958",4,4.625,-0.697532083
"FBgn0037200",4,5.375,-0.697982866
"FBgn0032430",13,3.313333333,-0.699527713
"FBgn0004636",15,5.228,-0.699905937
"FBgn0039557",4,3.06,-0.701184473
"FBgn0002643",13,6.76,-0.706269109
"FBgn0032629",13,5.14,-0.70979634
"FBgn0032988",4,4.39,-0.720754008
"FBgn0032210",4,3.45,-0.726456127
"FBgn0037504",13,4.473333333,-0.727729981
"FBgn0036000",13,3.6,-0.729123276
"FBgn0052138",15,3.528,-0.730453752
"FBgn0041161",15,3.528,-0.734426679
"FBgn0027932",5,5.248,-0.7349489
"FBgn0038046",3,6.513333333,-0.736352818
"FBgn0002283",3,3.653333333,-0.738866755
"FBgn0020766",5,6.484,-0.740437647
"FBgn0035769",3,6.153333333,-0.745355943
"FBgn0034540",3,6.293333333,-0.746540407
"FBgn0036096",4,6.335,-0.750832973
"FBgn0039349",3,6.813333333,-0.751640149
"FBgn0035954",3,3.38,-0.763251984
"FBgn0005592",4,3.8,-0.765188962
"FBgn0028690",4,4.375,-0.766530637
"FBgn0004892",13,4.37,-0.775528468
"FBgn0259211",13,4.226666667,-0.785331694
"FBgn0033029",9,4.337777778,-0.788696563
"FBgn0026160",3,4.473333333,-0.790224002
"FBgn0033087",5,4.616,-0.797956234
"FBgn0031376",14,4.19,-0.798006922
"FBgn0262029",4,4.435,-0.798612981
"FBgn0028894",3,3.546666667,-0.810552665
"FBgn0021874",6,3.291666667,-0.832392721
"FBgn0010105",5,3.46,-0.847017906
"FBgn0012037",14,6.6,-0.852485712
"FBgn0001123",17,6.351428571,-0.862397896
"FBgn0000413",14,6.13,-0.873391886
