FBgn0037000	5	5.514	-0.606594303
FBgn0002413	4	5.75	0.844236049
FBgn0017457	20	6.0445	0.435617297
FBgn0000615	4	6.33	0.563980956
FBgn0036919	3	5.72	-0.037462104
FBgn0051536	4	5.9975	-0.704943421
FBgn0052099	5	5.96	0.132798374
FBgn0037206	5	6.608	-0.30122878
FBgn0035211	14	5.79642857142857	0.361347049
FBgn0036735	5	6.238	0.596489926
FBgn0028402	4	6.32	-0.819415232
FBgn0037218	34	6.07911764705883	0.858324792
FBgn0037746	6	5.94333333333333	0.80257183
FBgn0038046	3	6.51333333333333	-0.736352818
FBgn0004369	3	5.95	-0.619471649
FBgn0001077	15	5.856	-0.209395275
FBgn0015582	3	6.44	-0.106423681
FBgn0003525	3	5.73333333333333	-0.884890533
FBgn0035983	4	6.2875	0.327507
FBgn0259140	4	5.62	-0.282818923
FBgn0003076	11	6.15272727272727	0.156287694
FBgn0011701	5	6.22	-0.253730632
FBgn0031399	17	6.25294117647059	-0.182089629
FBgn0016054	6	6.69	-0.599653902
FBgn0034938	3	6.96	-0.693102601
FBgn0037231	94	6.10202127659574	0.172679134
FBgn0086408	6	6.19666666666667	-0.413504354
FBgn0001202	4	6.35	0.602110937
FBgn0036811	8	5.98	-0.570094564
FBgn0038475	3	6.00666666666667	-0.684727718
FBgn0035194	33	5.96030303030303	0.104749223
FBgn0036169	5	5.72	-0.435003434
FBgn0039149	5	6.04	-0.435198308
FBgn0032847	4	6.325	0.47648776
FBgn0028683	4	6.4825	0.073557897
FBgn0037802	9	5.82222222222222	-0.688435016
FBgn0034726	6	6.33333333333333	-0.584869095
FBgn0085409	4	5.98	-0.675233024
FBgn0001226	4	5.78	0.325704062
FBgn0026402	3	5.97333333333333	-0.750352248
FBgn0041723	6	5.63333333333333	-0.081696865
FBgn0033735	7	6.04571428571428	-0.135450385
FBgn0263396	3	5.66	-0.595320035
FBgn0039530	5	5.728	-0.124424024
FBgn0021874	7	6.25285714285714	-0.832392721
FBgn0037317	15	6.13933333333333	-0.249690953
FBgn0038132	3	6.05333333333333	-0.217757064
FBgn0020370	3	5.87333333333333	0.636141669
FBgn0037391	22	6.12363636363636	-0.612554689
FBgn0052311	15	6.044	-0.245661886
FBgn0031227	40	5.9725	0.029091632
FBgn0031360	16	6.044375	0.673017839
FBgn0039139	3	6.3	-0.795430613
FBgn0041582	7	5.91571428571429	0.933325592
FBgn0038432	9	6.32666666666667	0.814513317
FBgn0051441	10	5.767	-0.151264931
FBgn0037347	13	6.15692307692308	-0.451242791
FBgn0033921	4	5.64	0.91351626
FBgn0033050	9	5.8	0.927903119
FBgn0052069	6	6.48	-0.034085786
FBgn0038989	6	5.63333333333333	-0.802981745
FBgn0039269	3	5.86666666666667	-0.118601942
FBgn0015778	7	6.10714285714286	-0.535448077
FBgn0029176	4	5.71	0.7083107
FBgn0037883	3	5.95	0.203890318
FBgn0036648	7	6.78	-0.297146619
FBgn0038569	4	5.93	-0.066076114
FBgn0031663	8	6.81	0.348188606
FBgn0016754	5	5.832	-0.646866292
FBgn0263108	3	5.92666666666667	-0.740706228
FBgn0036816	6	5.97333333333333	0.74519742
FBgn0015221	3	6.3	0.223781828
FBgn0040283	4	5.98	-0.79946092
FBgn0034628	4	6.425	0.076470633
FBgn0037244	41	6.18780487804878	0.261255815
FBgn0011207	3	6.13333333333333	-0.723342522
FBgn0037384	12	5.97333333333333	-0.038760798
FBgn0037549	6	5.72333333333333	-0.005505127
FBgn0024277	3	5.88666666666667	0.572451458
FBgn0004635	21	5.87904761904762	-0.720772849
FBgn0051450	4	5.91	-0.032294559
FBgn0262603	13	5.90153846153846	0.035883495
FBgn0004512	4	5.89	-0.345641864
FBgn0261618	7	5.98857142857143	-0.550067778
FBgn0261436	138	6.11760869565216	-0.49152059
FBgn0036485	4	5.895	-0.297355838
FBgn0035639	7	6.21285714285714	0.492923997
FBgn0052944	51	6.12019607843137	-0.334256171
FBgn0036397	3	5.88666666666667	-0.511677596
FBgn0037659	7	5.82285714285714	-0.562123422
FBgn0036488	3	6.01333333333333	-0.12302929
FBgn0034542	4	6.595	-0.616306316
FBgn0000317	10	5.952	0.87860594
FBgn0024920	5	5.896	-0.446588985
FBgn0015907	3	6.11333333333333	-0.792031743
FBgn0035542	4	6.295	-0.828315117
FBgn0035227	9	6.52888888888889	-0.231444657
FBgn0038950	3	6.5	-0.66053491
FBgn0259823	3	6.93333333333333	-0.709723579
FBgn0039602	4	5.92	0.359076686
FBgn0263113	9	6.12	-0.270579801
FBgn0261975	4	6.37	-0.428978093
FBgn0026722	3	6.38	0.695720688
FBgn0037581	3	6.27333333333333	-0.549770348
FBgn0038828	4	6.32	0.885918632
FBgn0263916	4	5.4725	-0.202186196
FBgn0032955	8	6.03	-0.139828278
FBgn0010333	32	5.885	0.709812836
FBgn0037717	3	5.80666666666667	0.944079491
FBgn0262029	6	6.13	-0.798612981
FBgn0010909	5	6.282	0.09211316
FBgn0032407	3	6.04666666666667	-0.586250283
FBgn0028691	3	5.77333333333333	-0.761341057
FBgn0085284	3	6.16	0.281572081
FBgn0038617	4	6.065	-0.605062814
FBgn0001215	3	6.26666666666667	-0.684169197
FBgn0031268	8	6.19125	0.179971699
FBgn0262719	6	6.2	-0.621652546
FBgn0015808	4	6.245	-0.622454643
FBgn0032299	3	6.53666666666667	-0.169447464
FBgn0000546	10	6.338	0.576294758
FBgn0037492	6	6.12333333333333	-0.548054324
FBgn0002592	3	5.77333333333333	-0.619147859
FBgn0261986	4	6.11	0.640874468
FBgn0029114	4	5.58	-0.753013756
FBgn0022359	3	5.73333333333333	0.517850291
FBgn0003512	10	6.182	0.076496302
FBgn0035600	3	6.31333333333333	0.496423657
FBgn0261429	22	6.245	-0.516267352
FBgn0004373	20	6.253	0.630797513
FBgn0031310	7	5.88857142857143	0.65437917
FBgn0034401	7	5.79714285714286	-0.5858047
FBgn0013755	16	6.20625	-0.205564783
FBgn0011509	3	5.64666666666667	0.788036563
FBgn0037445	3	6.12	0.458298367
FBgn0037707	4	6.44	-0.130769576
FBgn0032725	5	5.88	0.464808078
FBgn0039589	3	5.85333333333333	-0.51814125
FBgn0039125	11	5.99454545454545	-0.358439608
FBgn0259139	6	6.11666666666667	-0.564402543
FBgn0037715	3	5.80666666666667	0.825474213
FBgn0039802	3	6.31333333333333	-0.005617638
FBgn0037255	14	5.87	-0.473331465
FBgn0053139	6	5.55666666666667	-0.614058011
FBgn0262125	10	5.8	0.48875357
FBgn0037328	7	5.93285714285714	0.177686421
FBgn0031518	7	6.08142857142857	-0.274508561
FBgn0028997	10	6.044	-0.684666267
FBgn0036547	5	5.968	-0.246180658
FBgn0035715	5	5.708	0.590931528
FBgn0027538	4	6.83	-0.215717469
FBgn0031261	8	6.585	-0.414498317
FBgn0038767	3	5.78666666666667	0.421455865
FBgn0032452	3	5.84	-0.24559708
FBgn0036191	3	5.98666666666667	0.74181049
FBgn0047114	4	5.74	0.040047693
FBgn0027936	4	5.77	-0.838847337
FBgn0067779	135	6.14103703703703	0.308426519
FBgn0259714	3	6.03333333333333	-0.367491137
FBgn0031308	5	5.958	0.289708031
FBgn0051388	12	5.62833333333333	-0.340154934
FBgn0002631	5	5.78	-0.805212307
FBgn0039733	4	5.855	0.863172032
FBgn0031820	6	5.80666666666667	0.219402605
FBgn0037009	8	6.0525	0.426577831
FBgn0032487	3	6.48	-0.465124312
FBgn0036991	5	6.276	-0.480351856
FBgn0051004	10	5.894	-0.152171774
FBgn0000413	5	6.028	-0.873391886
FBgn0037261	24	6.16	-0.757835623
FBgn0037369	9	6.48222222222222	0.739370997
FBgn0031990	7	5.91857142857143	0.625517357
FBgn0034225	5	5.804	-0.485732037
FBgn0039769	13	6.26	-0.363066388
FBgn0035166	22	5.91727272727273	0.690865285
FBgn0031483	4	6.47	-0.041289515
FBgn0033265	3	5.60666666666667	-0.18473736
FBgn0031344	28	6.14285714285714	-0.645515768
FBgn0040323	6	5.93666666666667	0.33507163
FBgn0034569	6	5.99833333333333	-0.358481343
FBgn0039543	3	6.03333333333333	0.932938749
FBgn0038926	6	5.96666666666667	-0.380527048
FBgn0035901	5	6.324	-0.228579486
FBgn0038722	8	6.08625	-0.467760207
FBgn0039188	6	5.7	0.608359662
FBgn0033309	3	5.84	0.77798631
FBgn0260439	11	6.03272727272727	0.892528277
FBgn0053116	5	6.02	-0.80587168
FBgn0031760	5	6.258	0.12823789
FBgn0025355	4	6.2	0.677642621
FBgn0033437	4	5.86	-0.208123098
FBgn0260946	6	5.70666666666667	0.228411608
FBgn0035517	7	6.10285714285714	-0.407373304
FBgn0051118	4	6.12	-0.639307453
FBgn0034360	4	5.93	0.486545111
FBgn0031284	15	5.90933333333333	0.894624598
FBgn0027598	8	6.115	-0.833802563
FBgn0039869	4	5.915	-0.514816032
FBgn0033998	3	6.54666666666667	-0.131011432
FBgn0033252	7	5.96285714285714	-0.181419661
FBgn0039809	4	6.375	-0.402452845
FBgn0031678	10	5.808	0.382354477
FBgn0053096	4	5.98	0.37568386
FBgn0016792	3	6	-0.723089629
FBgn0035102	84	5.9602380952381	0.39232358
FBgn0032321	4	5.7	0.131877915
FBgn0035769	5	5.944	-0.745355943
FBgn0027363	4	6.2	0.895621543
FBgn0035272	6	6.37833333333333	-0.64643259
FBgn0264326	6	6.01666666666667	-0.573041381
FBgn0014022	4	6.11	-0.517958911
FBgn0015222	3	6.26666666666667	0.6487951
FBgn0002778	3	6.04	0.492202827
FBgn0033429	13	6.18769230769231	-0.036834681
FBgn0035204	14	6.41357142857143	0.64691706
FBgn0261554	13	6.00461538461538	-0.542477521
FBgn0029095	22	6.19318181818182	-0.787145406
FBgn0038829	4	5.68	-0.290013936
FBgn0036977	4	6.68	-0.394005244
FBgn0033817	4	5.595	-0.411866468
FBgn0027790	5	6.204	-0.016460797
FBgn0039159	4	6.085	0.319162055
FBgn0051481	33	6.17727272727273	-0.296815021
FBgn0039862	5	6.052	0.599431533
FBgn0033377	6	6.17833333333333	0.609107289
FBgn0032811	5	6.326	-0.106294389
FBgn0027585	3	6.67333333333333	-0.076343977
FBgn0037358	30	6.03066666666667	0.613996922
FBgn0015269	3	5.95	0.29217155
FBgn0037313	17	6.10117647058823	-0.120970897
FBgn0020270	10	5.974	0.494891546
FBgn0002284	10	6.444	0.738239077
FBgn0032195	8	5.955	-0.614260638
FBgn0034214	6	5.88666666666667	-0.361826287
FBgn0000489	3	5.98666666666667	-0.478329809
FBgn0035169	21	6.19380952380952	0.043407497
FBgn0053213	9	6.10888888888889	0.166885473
FBgn0039025	3	5.93666666666667	0.38637879
FBgn0001224	3	6.06	0.546212691
FBgn0033555	9	5.78666666666667	-0.16114189
FBgn0023441	6	5.55666666666667	-0.626513679
FBgn0250732	6	6.17333333333333	0.631059562
FBgn0037489	10	5.724	-0.42826834
FBgn0033691	5	5.844	-0.042634624
FBgn0033983	4	5.8775	-0.112418371
FBgn0037242	55	6.18836363636364	-0.66156729
FBgn0037634	4	6.1225	0.728204079
FBgn0263601	5	5.848	-0.835564224
FBgn0028734	6	6.61666666666667	-0.055970703
FBgn0004581	5	6.474	-0.349457335
FBgn0037742	6	5.94333333333333	-0.009532173
FBgn0014931	4	5.78	0.786027834
FBgn0032924	10	5.747	-0.611943489
FBgn0261574	5	6.444	-0.429202741
FBgn0026593	8	5.8875	0.424885682
FBgn0027582	4	5.795	-0.670221039
FBgn0036096	6	6.09666666666667	-0.750832973
FBgn0019949	9	6.18444444444444	0.280498721
FBgn0028563	14	5.99428571428571	-0.733777319
FBgn0052343	18	6.05888888888889	-0.653897494
FBgn0028952	11	6.28727272727273	0.243420747
FBgn0026160	3	6.47333333333333	-0.790224002
FBgn0038806	8	6.16625	-0.207443371
FBgn0031296	25	6.0048	0.268733987
FBgn0038682	4	6.475	-0.208707044
FBgn0033450	5	6.1	0.25840017
FBgn0039407	9	5.66222222222222	-0.677591628
FBgn0264331	27	5.91740740740741	0.344057243
FBgn0026427	15	6.27533333333333	-0.115666726
FBgn0038853	3	5.86666666666667	0.060213659
FBgn0035103	103	6.14330097087379	-0.391010385
FBgn0034572	6	6.24333333333333	0.163626256
FBgn0262109	105	6.18638095238095	-0.745053142
FBgn0000146	7	6.53714285714286	0.8558381
FBgn0260972	4	6.54	0.866531647
FBgn0032901	9	6.34	-0.454184577
FBgn0037683	3	6.04666666666667	-0.59038348
FBgn0036342	4	5.59	-0.528614906
FBgn0024909	3	5.77333333333333	0.511363687
FBgn0039509	5	6.2	-0.606834088
FBgn0053229	105	6.18638095238095	-0.516126344
FBgn0028372	8	6.16	0.655842362
FBgn0260243	3	5.82	0.352905345
FBgn0036290	8	6.03125	-0.044434956
FBgn0000261	7	5.63285714285714	0.658151375
FBgn0003886	3	5.82	-0.229360746
FBgn0036117	10	6.368	0.932292221
FBgn0027513	4	6.27	0.080992488
FBgn0085424	4	5.8625	-0.601284428
FBgn0051109	12	5.96	0.653105759
FBgn0031359	16	6.044375	-0.607920468
FBgn0039994	15	6.33733333333334	0.816311365
FBgn0000043	20	6.295	-0.448282646
FBgn0022268	3	6.47	0.128903514
FBgn0038585	3	5.70666666666667	-0.089837167
FBgn0033431	18	6.11888888888889	-0.09968438
FBgn0036341	7	5.58571428571428	0.608957785
FBgn0032033	11	5.84363636363636	-0.242891972
FBgn0086768	6	6.52666666666667	-0.458955833
FBgn0000097	11	6.14090909090909	-0.657007602
FBgn0032922	3	5.79333333333333	0.099916865
FBgn0036684	4	5.905	-0.701612442
FBgn0022069	5	6.02	0.527438824
FBgn0086365	8	6.225	-0.531054688
FBgn0038478	6	6.24	-0.238871444
FBgn0026576	6	6.23	0.87572029
FBgn0022349	8	5.7675	-0.78937327
FBgn0035238	18	6.22055555555556	0.80285477
FBgn0010620	7	6.02	0.575302128
FBgn0020279	8	6.345	-0.078745027
FBgn0004507	8	6.055	0.684164215
FBgn0035120	16	5.749375	-0.410590734
FBgn0039189	6	6.26166666666667	-0.776057465
FBgn0038251	3	6.34666666666667	0.921362126
FBgn0038672	3	5.86	0.740657584
FBgn0036254	7	5.84	-0.241852229
FBgn0031437	4	6.16	-0.377773481
FBgn0034579	8	6.305	0.045814484
FBgn0040466	18	6.20333333333333	0.67536915
FBgn0037705	4	5.765	-0.470657822
FBgn0031422	4	6.29	-0.071980572
FBgn0037248	164	6.14128048780487	-0.556550354
FBgn0034688	4	5.76	0.733526854
FBgn0039702	4	6.06	-0.307073376
FBgn0035232	17	5.88470588235294	-0.361858463
FBgn0034032	4	6.0925	-0.55357398
FBgn0033459	4	5.76	-0.483138013
FBgn0010288	9	5.90444444444445	0.183534439
FBgn0035087	4	5.905	0.544134695
FBgn0002522	30	6.018	-0.692279013
FBgn0035877	3	5.84	-0.697472166
FBgn0261239	4	6.115	-0.435184744
FBgn0086519	6	6.10666666666667	-0.007106252
FBgn0013810	3	6.43333333333333	0.02783612
FBgn0036999	3	6.97333333333333	-0.698115838
FBgn0011817	5	6.692	-0.630044885
FBgn0022382	6	6.45333333333333	-0.214830279
FBgn0010222	5	6.056	-0.603791473
FBgn0027786	94	6.16606382978723	-0.580497249
FBgn0012034	5	6.142	0.176368787
FBgn0003448	3	6.28666666666667	-0.86995066
FBgn0051550	4	6.525	-0.461830444
FBgn0037416	3	5.77333333333333	-0.279484178
FBgn0015781	3	5.86	0.431740061
FBgn0010395	7	6.66285714285714	-0.360519911
FBgn0004606	3	6.40666666666667	-0.619111886
FBgn0051632	5	6.292	-0.334468699
FBgn0034590	6	5.92	0.561021849
FBgn0014007	3	6.27333333333333	0.139427719
FBgn0053635	89	5.98898876404494	0.189725737
FBgn0037578	3	5.77333333333333	-0.397826326
FBgn0037265	17	6.18941176470588	-0.098010863
FBgn0040529	3	6.27333333333333	-0.730548709
FBgn0037551	6	5.77333333333333	0.639602683
FBgn0002962	4	6.475	0.418789168
FBgn0032488	7	5.69285714285714	0.47776904
FBgn0043364	21	6.27047619047619	-0.356560664
FBgn0263346	41	6.07414634146341	-0.080260267
FBgn0039403	7	5.79428571428571	0.708786218
FBgn0053506	3	5.56666666666667	-0.523229451
FBgn0033169	4	6.415	-0.219189922
FBgn0259818	89	5.99719101123595	-0.627515344
FBgn0005649	4	6.23	0.594134842
FBgn0038968	7	5.85714285714286	-0.727614893
FBgn0035207	16	6.4675	0.944905395
FBgn0035287	24	6.11541666666667	-0.192545712
FBgn0039107	4	6.22	-0.240403605
FBgn0032388	6	6.05333333333333	-0.444588586
FBgn0259211	6	6.10166666666667	-0.785331694
FBgn0037153	4	6.52	-0.55618081
FBgn0050460	3	6.82666666666667	-0.477418841
FBgn0033032	11	6.25454545454545	-0.306068596
FBgn0016031	3	6.31333333333333	0.558851004
FBgn0259936	3	6.12	0.007077911
FBgn0250791	4	6.255	0.432837955
FBgn0046222	20	6.202	-0.23542655
FBgn0039112	12	6.16	0.722236691
FBgn0002734	3	5.77333333333333	-0.662920298
FBgn0038951	3	6.5	-0.031053931
FBgn0024330	3	6.13333333333333	-0.206800801
FBgn0035159	15	6.12866666666666	-0.036634762
FBgn0036258	4	6.165	0.505569004
FBgn0037377	8	6.0225	0.406190447
FBgn0010501	4	5.59	-0.681391198
FBgn0037920	4	6.11	0.758840646
FBgn0001324	5	6.124	-0.754427617
FBgn0032817	6	5.82333333333333	0.399616462
FBgn0041160	6	6.73333333333333	-0.868905589
FBgn0035253	15	6.26533333333333	-0.016299235
FBgn0036405	3	6.07333333333333	-0.578110759
FBgn0260049	8	5.9725	0.376847226
FBgn0036546	3	5.8	0.742036439
FBgn0050285	3	6.08	-0.390746622
FBgn0010453	3	6.65333333333333	-0.582057357
FBgn0026598	6	5.815	0.849078685
FBgn0035400	3	5.92666666666667	-0.73377474
FBgn0250820	4	5.9175	0.776530847
FBgn0032252	4	5.785	-0.129255252
FBgn0037539	4	5.84	0.771452059
FBgn0036668	4	5.74	-0.164545978
FBgn0034403	3	6.00666666666667	-0.677615573
FBgn0035249	6	5.77333333333333	-0.114635119
FBgn0086912	61	6.08655737704918	0.685083524
FBgn0264694	6	6.19666666666667	-0.739025111
FBgn0262962	3	6.04666666666667	0.040606821
FBgn0039116	12	6.16	-0.071421339
FBgn0004892	3	6.37	-0.775528468
FBgn0039233	10	5.994	-0.181705336
FBgn0011604	4	6.4825	-0.61274537
FBgn0033015	15	5.98933333333333	0.654324696
FBgn0037251	103	6.26543689320388	0.259169557
FBgn0038395	6	5.81333333333333	-0.162263831
FBgn0262562	3	5.77333333333333	-0.365156938
FBgn0083969	5	6.066	-0.766386646
FBgn0033690	7	5.96285714285714	-0.46727426
FBgn0033919	4	5.725	-0.159215609
FBgn0032509	8	6.00125	-0.360838364
FBgn0261109	3	6.50666666666667	-0.636428933
FBgn0261789	6	5.92166666666667	0.293176786
FBgn0004878	13	5.92692307692308	-0.373878259
FBgn0035146	33	6.18363636363636	-0.058233544
FBgn0028991	3	5.68666666666667	-0.627126787
FBgn0033235	5	6.47	-0.677934399
FBgn0002773	4	5.71	-0.152998174
FBgn0033912	7	6.58	0.272698863
FBgn0262477	3	5.86666666666667	-0.341759827
FBgn0082585	4	5.81	-0.594443822
FBgn0037440	8	6.055	-0.059656683
FBgn0035906	8	6.0525	0.543292172
FBgn0004401	4	6.025	-0.599155385
FBgn0037749	3	6.13333333333333	0.629317695
FBgn0052179	3	5.65333333333333	-0.302844859
FBgn0263120	3	6.08	-0.357114079
FBgn0038679	7	5.79142857142857	-0.285678722
FBgn0004390	4	6.135	0.443443785
FBgn0033208	4	6.005	0.098605882
FBgn0261363	4	6.44	0.052145434
FBgn0052068	6	6.09666666666667	0.476247536
FBgn0025286	7	6.01428571428571	0.009269616
FBgn0051800	4	6.35	-0.177042098
FBgn0038981	5	5.596	-0.758034913
FBgn0037571	5	6.224	-0.393121463
FBgn0037656	5	6.264	0.447113812
FBgn0052476	11	6.17909090909091	-0.596844353
FBgn0034269	6	6.01	0.725620576
FBgn0010583	9	5.96666666666667	-0.010496506
FBgn0000416	3	5.77333333333333	0.305275139
FBgn0034537	3	5.95333333333333	0.667916047
FBgn0027509	6	6.22666666666667	-0.202954467
FBgn0044028	3	5.56666666666667	-0.769251734
FBgn0263414	3	6.91333333333333	0.061663455
FBgn0051559	23	6.26913043478261	-0.329013071
FBgn0037472	3	6.08	0.748202467
FBgn0262467	3	6.46666666666667	-0.573817928
FBgn0040763	3	6.44	-0.495554119
FBgn0011704	8	6.38375	-0.807101534
FBgn0037090	8	5.9525	-0.323628809
FBgn0261794	3	6.15333333333333	0.575001019
FBgn0037842	8	5.8175	-0.732073194
FBgn0037235	71	6.16338028169014	0.02937026
FBgn0051514	3	6.08666666666667	-0.12991248
FBgn0037710	3	6.04666666666667	0.94942645
FBgn0042125	3	6.30666666666667	0.095428644
FBgn0031252	24	6.36	-0.431615997
FBgn0032191	4	5.98	-0.727600453
FBgn0028475	5	6.162	0.674681082
FBgn0259749	7	5.98	-0.137526772
FBgn0028572	10	5.808	-0.343814769
FBgn0035113	79	6.21924050632911	-0.552770222
FBgn0039736	5	5.78	-0.606946107
FBgn0011211	4	6.24	0.290014914
FBgn0031711	4	6.7	0.268451428
FBgn0035024	3	5.93333333333333	-0.377468269
FBgn0034814	3	5.74666666666667	0.377785323
FBgn0039294	3	5.77333333333333	-0.360112825
FBgn0035141	7	6.21714285714286	0.108084051
FBgn0005630	4	5.98	0.533552825
FBgn0038524	4	5.59	-0.310860817
FBgn0003963	3	6.12333333333333	-0.69427757
FBgn0262110	5	6.266	0.758603128
FBgn0026417	33	6.37636363636364	0.16635007
FBgn0014869	5	5.78	0.197048566
FBgn0037777	8	5.9775	-0.3929422
FBgn0042178	3	5.93333333333333	0.381476799
FBgn0032453	6	6.32	-0.040284106
FBgn0036629	3	5.97333333333333	0.648930035
FBgn0025682	3	5.44	-0.680945502
FBgn0015834	3	6.46666666666667	0.371358291
FBgn0033372	3	6.28666666666667	0.209344433
FBgn0036509	4	6.25	0.366042925
FBgn0037877	5	5.852	0.389770695
FBgn0262955	6	6.39833333333333	-0.105437604
FBgn0031384	15	6.19466666666667	-0.069611795
FBgn0037846	4	6.18	-0.0304091
FBgn0004863	4	6.5425	-0.590449842
FBgn0042712	8	5.8575	0.158285672
FBgn0040666	4	6.225	0.256233663
FBgn0010053	4	6.13	-0.202031961
FBgn0026718	5	6.064	0.343041562
FBgn0037614	5	6.2	0.750685906
FBgn0015296	5	5.656	-0.850235487
FBgn0011695	6	6.25666666666667	-0.029376284
FBgn0035162	10	6.233	0.053208712
FBgn0032394	4	6.235	-0.638367671
FBgn0011640	4	5.59	-0.637101134
FBgn0032000	3	6.11	0.568141407
FBgn0033010	16	6.270625	0.488551808
FBgn0020545	20	5.967	0.834748469
FBgn0038666	5	5.696	-0.614431444
FBgn0037012	5	5.632	-0.399229369
FBgn0035209	10	6.11	0.763095908
FBgn0039302	11	6.33454545454545	0.55783555
FBgn0013811	5	6.146	-0.341232007
FBgn0013576	16	6.07875	-0.669032511
FBgn0002732	3	6.09333333333333	-0.825737162
FBgn0037370	4	6.155	0.67720866
FBgn0243512	3	6.22666666666667	-0.132458516
FBgn0037249	93	6.27397849462365	0.044165421
FBgn0037137	9	5.86222222222222	0.292739684
FBgn0037687	3	6.12	0.555740105
FBgn0263594	54	6.18592592592593	0.12290794
FBgn0011824	4	6.0475	0.142580165
FBgn0036433	6	5.68666666666667	-0.331840688
FBgn0032036	4	5.95	-0.667670321
FBgn0263143	3	5.93666666666667	0.805954228
FBgn0031909	3	6.02	0.680024304
FBgn0013981	3	5.63666666666667	-0.296392947
FBgn0033548	4	6.27	-0.21156939
FBgn0052043	3	5.43333333333333	-0.159473914
FBgn0022985	5	6.108	0.606583383
FBgn0039713	17	6.12	0.249707528
FBgn0011336	3	6.22666666666667	-0.840819171
FBgn0087013	7	5.80857142857143	0.750115313
FBgn0033973	8	5.6325	0.047554675
FBgn0013334	3	5.79333333333333	-0.066538256
FBgn0035678	8	6.63	-0.501992761
FBgn0260642	3	6.22666666666667	-0.7731596
FBgn0261387	20	6.161	0.84912533
FBgn0001995	4	5.8875	0.523845655
FBgn0037686	7	5.93142857142857	0.224799609
FBgn0086697	8	6.115	-0.496390384
FBgn0004636	8	5.935	-0.699905937
FBgn0052138	6	6.34	-0.730453752
FBgn0025725	14	6.06285714285714	-0.727460437
FBgn0027583	3	6.26	-0.191722406
FBgn0053182	3	6.45333333333333	0.657151816
FBgn0010213	3	5.56	-0.372816516
FBgn0010105	5	6.46	-0.847017906
FBgn0063485	3	6.15333333333333	-0.556212795
FBgn0033813	3	5.81666666666667	-0.460524451
FBgn0039554	6	6.02333333333333	0.884280012
FBgn0001086	5	6.408	0.056309168
FBgn0262167	4	6.2175	0.178637103
FBgn0011766	3	6.05333333333333	-0.54757211
FBgn0031376	5	6.084	-0.798006922
FBgn0003612	6	6.04	0.789189905
FBgn0039774	4	6.045	-0.454218031
FBgn0034493	4	6.495	0.131586968
FBgn0003326	6	5.97333333333333	-0.821610245
FBgn0028401	5	6.19	0.875697931
FBgn0001227	4	5.78	0.118835325
FBgn0003557	10	6.476	-0.579769464
FBgn0034744	3	6.16666666666667	-0.61164697
FBgn0002044	4	6.295	0.587906376
FBgn0000464	11	6.27909090909091	0.358073399
FBgn0250789	11	5.89	-0.521955703
FBgn0004106	5	6.196	0.274414186
FBgn0039632	4	5.805	0.765168007
FBgn0037718	3	5.95333333333333	-0.300140564
FBgn0020767	4	6.205	-0.431383101
FBgn0010434	3	5.50666666666667	-0.338373756
FBgn0039634	3	6.13333333333333	-0.550814338
FBgn0037572	5	5.768	-0.431691629
FBgn0028690	9	6.03333333333333	-0.766530637
FBgn0000307	3	6.06666666666667	-0.006029417
FBgn0259705	4	5.765	-0.336028096
FBgn0037228	101	6.16930693069307	-0.095776279
FBgn0032821	6	6.73666666666667	0.026883297
FBgn0037847	3	5.73333333333333	0.804703896
FBgn0036826	6	6.05333333333333	0.228456835
FBgn0035110	144	6.19777777777777	-0.107226395
FBgn0259222	3	5.75	-0.31144369
FBgn0035179	12	6.01666666666667	-0.420918079
FBgn0053158	11	6.36181818181818	0.633676974
FBgn0035210	6	5.97666666666667	0.504598598
FBgn0264495	6	5.65666666666667	0.283756401
FBgn0035371	3	5.74666666666667	-0.714634758
FBgn0027930	78	5.98499999999999	-0.621437031
FBgn0020388	4	6.125	0.424399754
FBgn0028926	3	6.34	-0.59918622
FBgn0037342	19	6.08105263157895	-0.643507448
FBgn0027950	4	5.765	0.524365002
FBgn0035195	9	5.98888888888889	-0.685717015
FBgn0039178	6	6.11333333333333	-0.340394725
FBgn0038660	3	5.52	-0.649873359
FBgn0032848	4	6.56	-0.825248054
FBgn0016926	8	5.93	-0.636774908
FBgn0039348	9	6.09555555555556	-0.776488033
FBgn0019990	3	6.40666666666667	0.922849107
FBgn0022213	8	6.0275	-0.376807655
FBgn0039266	4	5.8675	-0.757607713
FBgn0263236	11	6.20636363636364	0.820869166
FBgn0036810	8	5.98	-0.363092406
FBgn0031479	5	6.094	0.433288573
FBgn0039357	3	5.85333333333333	-0.505530967
FBgn0004228	4	5.59	-0.376010826
FBgn0037232	132	6.07499999999999	0.737487845
FBgn0003062	6	5.69	-0.441605333
FBgn0003391	5	6.268	-0.141780024
FBgn0263097	5	6.294	-0.711688534
FBgn0260935	5	5.886	-0.601282589
FBgn0031456	4	6.14	0.809711191
FBgn0026239	4	5.46	-0.666878553
FBgn0036406	4	5.9825	0.383173474
FBgn0037270	29	5.98103448275862	0.438933463
FBgn0034392	4	5.85	-0.713665657
FBgn0004465	6	5.81	-0.512814015
FBgn0000283	5	5.992	-0.125905254
FBgn0039341	5	5.824	0.717420816
FBgn0043841	11	6.01636363636364	0.380661115
FBgn0032217	4	6.25	-0.591771626
FBgn0050015	4	6.06	-0.816252413
FBgn0010228	7	6.69714285714286	-0.775858182
FBgn0037217	147	6.00421768707482	-0.219180865
FBgn0031683	12	5.96666666666667	-0.627875718
FBgn0002283	5	6.276	-0.738866755
FBgn0036186	4	6.41	-0.211744715
FBgn0032189	4	6.21	0.732834392
FBgn0000541	5	6.11	-0.190614635
FBgn0003882	89	6.09202247191011	0.516108561
FBgn0038418	3	5.8	-0.619144761
FBgn0035431	6	6.29333333333333	-0.259086262
FBgn0035235	23	6.25739130434783	-0.663244897
FBgn0039654	8	5.92625	-0.196014629
FBgn0002622	6	6.31333333333333	0.198692518
FBgn0033547	5	6.104	0.277477587
FBgn0037359	5	5.496	0.330768544
FBgn0037240	91	6.11373626373626	-0.19639202
FBgn0035703	3	6.23333333333333	-0.590066883
FBgn0051211	6	6.46	-0.675132835
FBgn0028471	4	5.805	0.719773844
FBgn0026324	5	5.964	-0.362687608
FBgn0039861	3	5.73666666666667	0.793121997
FBgn0051229	6	5.78666666666667	-0.547040718
FBgn0001139	4	5.85	0.018111565
FBgn0051866	6	6.05333333333333	0.037875105
FBgn0037611	8	6.0325	0.295849714
FBgn0015541	4	6.39	-0.313033615
FBgn0001197	4	5.655	-0.329249467
FBgn0032491	10	6.509	-0.183814457
FBgn0052225	3	6.15333333333333	-0.186049376
FBgn0000662	5	5.984	0.628870762
FBgn0261563	4	5.53	-0.692244305
FBgn0035900	4	5.9625	0.123175055
FBgn0086447	9	5.86666666666667	-0.284912873
FBgn0029514	15	6.232	-0.005775463
FBgn0039558	3	5.9	-0.009740326
FBgn0027094	7	6.01285714285714	-0.615800767
FBgn0039688	9	6.21111111111111	-0.402493767
FBgn0039169	8	5.9775	-0.611106085
FBgn0003890	3	5.77333333333333	-0.221690426
FBgn0025592	137	6.12642335766422	-0.097044513
FBgn0037853	4	5.65	-0.110811724
FBgn0034049	3	6.03333333333333	-0.313307744
FBgn0003687	3	6.08	-0.797735988
FBgn0261854	8	6.15	0.537130453
FBgn0015268	7	5.82571428571428	0.261730955
FBgn0016685	4	6.02	0.557177189
FBgn0051363	5	5.852	-0.266715113
FBgn0031286	25	6.2208	-0.49533602
FBgn0039306	3	6.13333333333333	-0.80928824
FBgn0039026	3	5.93666666666667	0.310461675
FBgn0263144	9	5.74	-0.11938452
FBgn0038811	3	6.35	-0.800013283
FBgn0027364	5	6.174	-0.638075426
FBgn0262512	4	5.935	0.714695406
FBgn0026616	6	6.34	0.747019225
FBgn0053493	4	6.45	-0.114224281
FBgn0031281	18	6.00944444444444	0.21830074
FBgn0037297	32	6.0759375	-0.445772371
FBgn0033376	7	6.22285714285714	-0.019932498
FBgn0264712	14	6.01785714285714	0.810925515
FBgn0051619	3	7.10666666666667	0.451872035
FBgn0034276	11	5.78090909090909	-0.511392717
FBgn0036214	4	6.2	-0.414179897
FBgn0000250	15	5.97866666666667	0.810424355
FBgn0028894	4	6.29	-0.810552665
FBgn0016977	78	5.98794871794872	-0.130262477
FBgn0033886	5	6.148	-0.289517755
FBgn0264707	6	6.53333333333333	-0.801592337
FBgn0035375	3	6.07333333333333	-0.59906668
FBgn0031285	17	5.97294117647059	-0.228890156
FBgn0001297	3	5.77333333333333	-0.560746153
FBgn0036035	3	5.75333333333333	0.010764212
FBgn0003275	9	5.96111111111111	-0.433539356
FBgn0040071	7	5.62285714285714	-0.772647882
FBgn0000721	3	5.96666666666667	0.941756999
FBgn0024806	32	6.1765625	0.008597242
FBgn0036622	4	6.49	-0.288529078
FBgn0025777	3	6.92	0.558611361
FBgn0002673	4	5.9925	0.940171802
FBgn0067864	18	5.93722222222222	0.381332459
FBgn0085242	8	6.0425	0.417072533
FBgn0035989	8	6.3	-0.402679226
FBgn0032886	5	5.876	-0.069159191
FBgn0260722	4	5.765	-0.480701047
FBgn0051915	6	5.7	-0.373128102
FBgn0001123	12	6.01666666666667	-0.862397896
FBgn0032253	4	5.965	-0.263227435
FBgn0010762	3	5.78	-0.150069675
FBgn0026376	3	5.48	0.290252849
FBgn0039101	3	6.64666666666667	-0.452691984
FBgn0032997	27	6.07259259259259	0.668118286
FBgn0037885	10	5.908	-0.413801977
FBgn0053107	10	6.159	-0.504471964
FBgn0026309	7	6.59142857142857	-0.635307427
FBgn0039113	7	5.82	0.308457126
FBgn0035630	5	6.084	-0.502172724
FBgn0066101	3	5.77333333333333	0.625740852
FBgn0039538	6	6.18	-0.380588018
FBgn0051641	3	5.77333333333333	0.058460683
FBgn0002031	6	6.22	0.71707806
FBgn0046225	3	5.82	-0.625373287
FBgn0261698	9	6.40666666666667	0.743274333
FBgn0037678	13	6.55230769230769	-0.3672221
FBgn0033674	9	6.22444444444444	-0.675277649
FBgn0086902	3	5.82666666666667	-0.155394935
FBgn0085453	4	5.5125	0.102995878
FBgn0016061	5	5.79	-0.440132656
FBgn0037282	29	6.16379310344828	0.305610495
FBgn0003169	3	5.95666666666667	0.911154434
FBgn0039710	11	6.11636363636364	0.633533227
FBgn0038745	7	6.27142857142857	0.831474412
FBgn0035264	14	6.14428571428571	-0.717660105
FBgn0031459	10	5.998	0.059069714
FBgn0016119	4	6.46	0.442185001
FBgn0035415	8	6.155	-0.496138726
FBgn0011656	11	6.03454545454545	-0.687690316
FBgn0032884	4	5.4875	0.733052759
FBgn0032052	3	5.95333333333333	0.430944908
FBgn0021776	6	5.98333333333333	-0.862880614
FBgn0037911	3	5.80666666666667	-0.679384804
FBgn0261938	13	6.04769230769231	0.840857809
FBgn0037874	3	5.81	0.296280671
FBgn0262624	33	6.0169696969697	-0.771179094
FBgn0015393	3	6.13333333333333	-0.746119661
FBgn0037279	15	6.02	-0.739433429
FBgn0036211	4	6.2	0.75658098
FBgn0039282	6	5.88	-0.369554824
FBgn0034050	4	6.07	-0.636291042
FBgn0026370	5	6.704	-0.568729005
FBgn0026630	5	5.876	-0.103154447
FBgn0004611	16	5.92125	0.876796129
FBgn0051251	5	5.724	-0.128117368
FBgn0037323	5	5.892	-0.233467404
FBgn0040575	6	6.03333333333333	-0.447956984
FBgn0035524	3	6.22	0.080923759
FBgn0038675	4	5.78	0.840190104
FBgn0260648	15	6.01666666666667	-0.67136905
FBgn0026562	3	5.77333333333333	-0.268128924
FBgn0037363	8	5.805	-0.706793188
FBgn0261241	4	6.39	-0.813023163
FBgn0038194	8	6.0875	-0.537538713
FBgn0026566	12	5.87833333333333	0.700320174
FBgn0036537	8	5.98	-0.485672916
FBgn0034447	3	6.18666666666667	-0.776166303
FBgn0039223	3	6.09333333333333	-0.548107691
FBgn0039557	7	5.99142857142857	-0.701184473
FBgn0262116	129	6.19186046511628	0.271763465
FBgn0032247	3	6.83	-0.261849043
FBgn0037213	4043	6.09836754884989	-0.833559586
FBgn0040465	4	5.58	0.357173443
FBgn0027548	3	6.22666666666667	-0.612455254
FBgn0002774	23	6.07565217391304	-0.552537694
FBgn0034598	6	5.80666666666667	0.14519715
FBgn0037410	4	6.25	-0.209029029
FBgn0031908	3	6.16	-0.143578436
FBgn0261802	3	6.41333333333333	0.506070058
FBgn0037339	4	6.605	0.698039398
FBgn0262115	1258	6.08724165341813	0.424261791
FBgn0039734	4	6.17	-0.741087623
FBgn0260862	22	6.18409090909091	0.393665701
FBgn0086472	4	6.015	0.3075582
FBgn0037236	120	6.07516666666666	0.871747834
FBgn0037670	4	6.075	-0.625114186
FBgn0033961	5	6.908	0.309141337
FBgn0036039	3	5.75333333333333	0.94904687
FBgn0003279	6	6.02333333333333	0.404904969
FBgn0038856	4	6.34	-0.654363239
FBgn0035233	13	6.06153846153846	-0.284539894
FBgn0039210	6	6.35	-0.690167497
FBgn0031312	3	7.09333333333333	-0.510639148
FBgn0032790	6	6.32	-0.270718447
FBgn0038095	3	6.35666666666667	-0.319065086
FBgn0004870	19	6.19684210526316	-0.026822167
FBgn0011763	3	5.71333333333333	-0.730467998
FBgn0000447	3	5.73666666666667	0.795951562
FBgn0003308	6	6.08333333333333	-0.506677048
FBgn0028689	6	6.31	-0.337489477
FBgn0040296	4	5.47	-0.790575841
FBgn0261434	118	6.08483050847457	-0.65898459
FBgn0038111	6	6.98333333333333	0.078351658
FBgn0032129	5	6.156	-0.349984508
FBgn0083123	5	6.296	-0.649080197
FBgn0052448	4	6.1	-0.115686388
FBgn0040080	5	5.884	0.654320497
FBgn0031390	3	5.51333333333333	-0.080273185
FBgn0032644	4	5.725	0.717113127
FBgn0263102	3	6.28333333333333	0.071094332
FBgn0051100	9	6.30444444444444	-0.280932419
FBgn0042083	3	6.24	-0.162334642
FBgn0002609	10	6.182	-0.352574958
FBgn0053303	3	5.63333333333333	-0.842869549
FBgn0003607	7	6.06	-0.655666187
FBgn0035471	6	6.25333333333333	0.620837264
FBgn0022981	29	6.14413793103448	-0.197893134
FBgn0051973	149	6.21275167785234	-0.388001081
FBgn0000497	8	6.01625	-0.511762245
FBgn0250848	4	6.115	0.266631776
FBgn0263109	10	6.216	-0.262717832
FBgn0263392	4	6.255	-0.613193481
FBgn0260990	4	6.23	-0.656041603
FBgn0002931	72	6.06402777777777	-0.550960364
FBgn0032480	3	6.02	-0.698234776
FBgn0001225	3	6.06	0.519352217
FBgn0037633	17	6.27529411764706	-0.811379998
FBgn0036484	9	6.36666666666667	0.929382591
FBgn0038049	3	6.51333333333333	-0.110359108
FBgn0085229	23	5.96130434782609	0.417155767
FBgn0027587	138	6.16891304347825	0.649518274
FBgn0025525	23	5.81478260869565	-0.625391839
FBgn0038805	5	6.576	0.770451372
FBgn0053145	5	5.996	0.869780075
FBgn0039564	4	6.12	0.033924467
FBgn0037074	5	6.736	0.856668918
FBgn0028999	4	6.13	-0.372437989
FBgn0003741	5	6.04	-0.3549519
FBgn0035254	21	6.27333333333333	0.113935315
FBgn0033715	4	6.05	0.664457229
FBgn0011227	6	6.59666666666667	0.067213673
FBgn0032799	5	6.02	-0.714959877
FBgn0036640	6	5.94333333333333	0.57404253
FBgn0033357	4	6.215	-0.291344137
FBgn0037224	111	6.1327027027027	-0.248644341
FBgn0036988	5	6.276	-0.517006258
FBgn0032729	3	6.44666666666667	0.245582964
FBgn0020392	4	5.725	0.665385908
FBgn0038683	6	5.64333333333333	-0.53924587
FBgn0035323	4	6.53	-0.04211091
FBgn0083991	3	5.77333333333333	-0.0785653
FBgn0039137	8	5.855	-0.455003216
FBgn0039305	4	6.22	0.56910675
FBgn0039404	8	5.94	-0.662417587
FBgn0037565	4	5.92	-0.323266127
FBgn0035336	3	6.5	0.035151755
FBgn0035147	11	6.17636363636364	-0.616903446
FBgn0261881	3	6.42	0.303098659
FBgn0037669	3	6.08	-0.310922194
FBgn0013342	42	6.22166666666667	-0.245405042
FBgn0013984	3	6.11333333333333	-0.375221382
FBgn0259145	5	5.9	-0.298010411
FBgn0085335	15	6.08333333333333	-0.532152627
FBgn0031304	18	6.06888888888889	-0.722277601
FBgn0051005	4	5.655	-0.367558689
FBgn0028373	4	6.17	-0.8961274
FBgn0261952	3	6.22	-0.436861715
FBgn0032925	3	5.79333333333333	0.317833023
FBgn0026401	5	6.018	-0.111830858
FBgn0033038	21	6.15047619047619	-0.70868432
FBgn0010225	97	6.12484536082474	-0.433590292
FBgn0031395	4	5.73	0.767176015
FBgn0264272	7	6.13428571428571	-0.368261051
FBgn0033271	6	5.93333333333333	-0.248827001
FBgn0033339	8	5.965	-0.094818239
FBgn0013759	4	5.86	-0.576309715
FBgn0052344	8	5.7975	-0.186731233
FBgn0261862	11	6.36545454545455	0.947727422
FBgn0004436	11	6.36363636363636	0.536181636
FBgn0039580	3	5.82	-0.720439322
FBgn0037843	4	5.765	-0.511000157
FBgn0037473	8	5.98	-0.279076756
FBgn0034800	5	6.134	0.476207648
FBgn0051360	6	5.86333333333333	0.662576377
FBgn0037882	7	5.68	-0.536018219
FBgn0031493	4	5.63	-0.56346291
FBgn0035268	25	6.0076	-0.202563074
FBgn0037913	5	6.116	0.262001795
FBgn0052479	15	6.05466666666667	0.611271989
FBgn0261649	3	6.23333333333333	-0.666147361
FBgn0083953	4	5.985	0.34051161
FBgn0003346	3	5.66	-0.557722938
FBgn0003002	3	5.77333333333333	-0.43014854
FBgn0261560	4	6.24	-0.700555876
FBgn0013765	3	6.32	-0.090269563
FBgn0262468	5	6.234	-0.527839765
FBgn0031375	9	6.05	-0.529852999
FBgn0031253	22	6.37	-0.219175303
FBgn0260755	21	5.99714285714286	0.70565638
FBgn0031233	63	6.25380952380952	0.942680341
FBgn0002121	283	6.07717314487634	-0.41379196
FBgn0035132	5	6.18	-0.095331537
FBgn0086906	5	6.552	-0.25200646
FBgn0040765	3	6.78666666666667	-0.521822569
FBgn0037309	15	6.04066666666666	-0.483728793
FBgn0262736	3	5.56666666666667	0.830114403
FBgn0026238	18	5.79444444444444	0.939698414
FBgn0036887	6	6.19	0.920325775
FBgn0037543	3	5.95333333333333	-0.061403357
FBgn0035621	4	5.785	-0.32277503
FBgn0037435	11	6.22	-0.498438298
FBgn0003978	6	5.55333333333333	-0.66360797
FBgn0032001	6	5.8	-0.349715072
FBgn0011715	7	5.70285714285714	0.512294945
FBgn0044826	4	5.92	-0.665381664
FBgn0050403	3	5.77	0.675783396
FBgn0004837	3	6.16	0.588295241
FBgn0001255	6	5.65	0.068233832
FBgn0038721	8	5.94375	0.566427853
FBgn0033100	4	5.6525	0.289247799
FBgn0261403	3	6.78666666666667	0.322160689
FBgn0032889	3	5.92666666666667	-0.083997853
FBgn0037603	16	6.17625	0.629470721
FBgn0027497	6	5.57166666666667	-0.517303303
FBgn0003261	14	5.76928571428571	-0.233270401
FBgn0003444	58	6.09448275862069	0.475327748
FBgn0026753	5	5.672	0.327577528
FBgn0000313	5	5.754	-0.591940596
FBgn0031216	65	6.02323076923076	-0.281240694
FBgn0027948	6	5.81333333333333	-0.659740331
FBgn0039561	3	6.04666666666667	-0.667114861
FBgn0025683	143	6.03398601398601	-0.330380793
FBgn0037891	3	5.74666666666667	0.712429392
FBgn0000018	6	6.19333333333333	0.545372578
FBgn0036824	5	5.556	-0.116535501
FBgn0004862	10	5.652	-0.427057787
FBgn0033521	3	5.53333333333333	-0.279904009
FBgn0037526	5	6.324	-0.681955821
FBgn0032814	3	6.38	-0.666599127
FBgn0259212	23	5.95565217391304	0.380935135
FBgn0036516	3	5.88	-0.863333985
FBgn0014037	4	6.13	-0.096423517
FBgn0003941	3	6.50333333333333	-0.024362501
FBgn0000053	3	5.55333333333333	0.102673535
FBgn0035997	3	5.43333333333333	-0.639470268
FBgn0025712	19	6.16315789473684	-0.392674863
FBgn0014366	5	6.284	-0.107495468
FBgn0039449	3	5.95333333333333	0.911225183
FBgn0037736	4	5.85	-0.546524036
FBgn0037700	6	6.28	-0.395092678
FBgn0002735	4	5.71	-0.728483824
FBgn0041097	14	5.81	-0.215317224
FBgn0035164	6	6.06333333333333	0.285741079
FBgn0000158	15	6.22933333333333	0.849864353
FBgn0035751	6	6.34	-0.312607526
FBgn0037360	10	6.064	-0.297015323
FBgn0020257	6	6.455	-0.796700962
FBgn0032535	4	6.05	-0.547102969
FBgn0041161	16	5.875	-0.734426679
FBgn0037794	3	6	-0.313009791
FBgn0037722	4	6.015	-0.014167322
FBgn0033241	5	5.904	-0.485979758
FBgn0034312	3	5.89333333333333	0.455821829
FBgn0010470	3	6.68	-0.10825208
FBgn0016691	4	6.525	0.499355661
FBgn0031245	12	6.255	-0.553281086
FBgn0035158	17	5.87058823529412	-0.711118866
FBgn0062978	3	6.44	-0.407159336
FBgn0010355	20	6.0995	0.653478212
FBgn0034945	4	6.2225	0.58646039
FBgn0034689	5	5.712	0.649120605
FBgn0039641	4	6.12	0.366440753
FBgn0003479	6	5.99333333333333	-0.280362433
FBgn0015546	10	6.073	0.443609191
FBgn0034308	9	5.96888888888889	-0.688147076
FBgn0051852	10	6.041	0.647130451
FBgn0037252	135	6.18585185185184	0.84660979
FBgn0033236	3	6.22666666666667	0.920457063
FBgn0033380	4	6.12	0.311016697
FBgn0033871	7	5.93142857142857	-0.436867349
FBgn0033557	9	5.78666666666667	0.007094493
FBgn0050424	4	5.905	-0.291832216
FBgn0037025	11	5.93909090909091	-0.707168327
FBgn0050342	4	6.54	-0.119622841
FBgn0037538	5	6.15	0.617961369
FBgn0036353	3	6.05333333333333	0.49434215
FBgn0037609	3	5.99	0.852263434
FBgn0034035	5	5.852	-0.275882583
FBgn0028990	4	6.19	0.753001848
FBgn0264574	19	5.93894736842105	0.437190314
FBgn0086856	4	6.88	0.124144261
FBgn0032988	10	5.988	-0.720754008
FBgn0025676	24	5.97708333333333	0.185123652
FBgn0024510	11	5.89	0.805367055
FBgn0028968	4	5.71	-0.677835165
FBgn0037332	4	6.2125	-0.110554347
FBgn0036671	3	5.7	0.403257132
FBgn0038584	4	5.485	-0.775021892
FBgn0036249	3	5.58666666666667	0.421706761
FBgn0262717	6	5.985	-0.239936529
FBgn0031818	5	6.264	-0.440651312
FBgn0031257	6	6.12	-0.649356533
FBgn0037263	49	6.08775510204081	0.112886078
FBgn0039213	7	6.37428571428571	0.248938802
FBgn0039114	10	6.202	-0.021278034
FBgn0263606	7	6.08	0.644879313
FBgn0024326	10	6.21	-0.672686695
FBgn0035771	9	5.81666666666667	0.201805485
FBgn0037852	8	5.7475	-0.585558608
FBgn0047038	6	6.07	0.169053295
FBgn0001142	65	5.93507692307692	0.902447611
FBgn0259938	3	5.86666666666667	-0.437000869
FBgn0032450	6	6.08666666666667	-0.632701552
FBgn0037364	30	6.02733333333334	-0.662291284
FBgn0261596	4	5.955	0.001950542
FBgn0028436	17	6.02235294117647	0.679561448
FBgn0031374	12	6.25833333333333	0.493747928
FBgn0039730	4	6.17	-0.305411656
FBgn0262126	8	6.1525	-0.413202412
FBgn0038149	6	6.56666666666667	0.877364369
FBgn0011739	4	6.12	-0.733446523
FBgn0032221	12	6.11	-0.363328382
FBgn0033814	4	5.595	0.661643552
FBgn0035393	6	6.06666666666667	0.402341667
FBgn0016794	4	6.22	-0.776516529
FBgn0037442	6	6.1	0.118576154
FBgn0028519	8	5.76	-0.763752496
FBgn0034816	3	6.05333333333333	0.153959261
FBgn0052137	3	5.86666666666667	-0.55690075
FBgn0037834	3	6.13333333333333	0.914503674
FBgn0005278	206	6.11131067961165	0.887051261
FBgn0051717	3	6.28	-0.583464528
FBgn0025776	5	5.756	-0.655448429
FBgn0037884	3	5.80666666666667	-0.369813056
FBgn0017577	7	6.02571428571428	-0.696404996
FBgn0034321	7	5.83	-0.074581857
FBgn0027594	9	6.06666666666667	-0.697214298
FBgn0035229	20	6.186	-0.71019598
FBgn0043455	3	5.77333333333333	-0.061000024
FBgn0037924	7	6.19142857142857	0.44797991
FBgn0037351	17	5.87529411764706	0.183407688
FBgn0035106	139	6.10028776978416	-0.538681427
FBgn0003278	9	6.05111111111111	-0.4696329
FBgn0037220	107	6.05504672897196	0.023183439
FBgn0039711	14	6.19142857142857	0.763307875
FBgn0033846	4	6.25	-0.736204715
FBgn0031458	3	6.06666666666667	0.790213663
FBgn0038972	6	5.75333333333333	0.331354811
FBgn0002633	8	5.885	-0.818133515
FBgn0039867	5	5.812	-0.266754428
FBgn0032489	9	6.45444444444444	-0.691593977
FBgn0035626	5	6.084	-0.413503412
FBgn0028675	6	6.43333333333333	-0.160340055
FBgn0032957	3	7.10666666666667	0.159835266
FBgn0028540	13	6.48153846153846	-0.072100236
FBgn0034968	4	5.685	0.292670616
FBgn0022764	9	5.72777777777778	0.00888691
FBgn0016715	23	6.37565217391305	-0.073078203
FBgn0260440	4	6.41	-0.555552754
FBgn0033052	15	5.77866666666667	0.449786128
FBgn0039860	3	5.73666666666667	-0.453752974
FBgn0035315	8	5.8875	-0.624627243
FBgn0264479	4	6.265	-0.421941883
FBgn0039283	3	5.85333333333333	-0.562450609
FBgn0034232	4	5.75	-0.016537338
FBgn0037045	4	5.705	0.738720037
FBgn0035903	6	6.2	-0.140749407
FBgn0037371	11	6.05909090909091	-0.682873825
FBgn0035109	142	6.06753521126759	0.38035687
FBgn0015331	170	6.0495294117647	0.006672197
FBgn0037779	3	5.91333333333333	-0.166669088
FBgn0012037	6	6.38	-0.852485712
FBgn0051352	3	6	-0.706696714
FBgn0004898	3	5.95333333333333	-0.402468761
FBgn0035521	4	6.34	-0.563025949
FBgn0034405	8	6.13	0.103548649
FBgn0263456	3	6.13333333333333	-0.175262641
FBgn0051032	10	6.14	-0.456088105
FBgn0031741	3	7.09333333333333	0.671577481
FBgn0002431	4	6.1	0.482046686
FBgn0037875	8	5.805	0.281795683
FBgn0038407	12	6.04	-0.064099191
FBgn0014342	3	6.22333333333333	-0.643300355
FBgn0042213	5	6.192	-0.444492806
FBgn0036257	6	5.875	0.202650775
FBgn0024236	4	5.73	-0.623762256
FBgn0036286	7	5.97142857142857	-0.467623717
FBgn0035157	3	5.91666666666667	-0.752939474
FBgn0037299	24	5.9825	0.311490227
FBgn0035896	4	6.1375	-0.832563315
FBgn0260939	9	5.71111111111111	0.822719648
FBgn0250746	19	6.35631578947369	0.817387024
FBgn0010704	16	6.04875	0.524918335
FBgn0050392	4	6.255	-0.171477202
FBgn0051974	124	6.00669354838709	-0.328384476
FBgn0032518	4	5.64	0.175217036
FBgn0051467	4	5.95	-0.44364664
FBgn0261394	4	5.95	0.801177613
FBgn0035270	7	6.52857142857143	-0.601290495
FBgn0041337	4	6.16	-0.353881766
FBgn0261619	4	5.895	-0.57760487
FBgn0022893	3	6.46666666666667	-0.669364655
FBgn0033458	4	5.76	-0.63990582
FBgn0024194	6	5.885	-0.761724074
FBgn0028419	3	6.14666666666667	-0.719507936
FBgn0037534	4	5.92	-0.204145495
FBgn0015721	8	5.84375	-0.746935453
FBgn0053094	9	6.15888888888889	0.537488494
FBgn0036862	4	5.7025	-0.62527429
FBgn0025684	4	6.17	-0.607279874
FBgn0262741	3	5.77333333333333	-0.43051461
FBgn0039167	4	5.865	-0.672180802
FBgn0037612	4	5.65	-0.16738462
FBgn0037637	4	5.78	-0.569603236
FBgn0036289	4	5.77	-0.230148078
FBgn0039756	3	6	-0.250490873
FBgn0038424	5	6.184	0.718386858
FBgn0015905	12	6.08416666666667	-0.309457994
FBgn0010812	6	5.75666666666667	-0.514443511
FBgn0027951	18	5.93	-0.091458969
FBgn0033427	11	6.18545454545454	0.544822333
FBgn0031392	3	5.51333333333333	-0.762112623
FBgn0035955	3	6.1	-0.01612439
FBgn0039244	3	6.04666666666667	-0.315272258
FBgn0065099	6	6.19333333333333	-0.02133761
FBgn0010342	11	6.18545454545454	0.235359747
FBgn0038583	6	5.7	0.484178963
FBgn0086362	10	5.936	0.737446404
FBgn0033049	10	6.235	-0.478247358
FBgn0027507	10	6.186	0.887401619
FBgn0262867	14	6.14	-0.577751766
FBgn0025454	4	5.585	-0.219705186
FBgn0013732	3	5.70666666666667	0.894673575
FBgn0036340	3	6.2	0.142724453
FBgn0010215	3	5.61	-0.524801363
FBgn0005592	4	6.8	-0.765188962
FBgn0033716	10	5.856	-0.605980844
FBgn0015524	8	6.27	-0.543043894
FBgn0031497	3	5.54666666666667	-0.318510874
FBgn0086710	4	6.0925	0.140929407
FBgn0020620	7	6.05142857142857	0.909260014
FBgn0027493	3	6.36	0.642017458
FBgn0035541	4	6.265	-0.810274025
FBgn0031294	12	6.405	-0.191928411
FBgn0021872	3	5.63333333333333	-0.569655023
FBgn0031952	4	6.01	-0.440851023
FBgn0035923	6	6.37	-0.507602148
FBgn0051120	3	5.91333333333333	-0.67780431
FBgn0039130	9	6.32666666666667	-0.061343387
FBgn0260936	17	6.37058823529412	0.162976399
FBgn0003165	4	5.72	0.425061497
FBgn0031220	83	6.04819277108433	-0.24123745
FBgn0031238	46	6.15869565217391	-0.518699035
FBgn0261985	9	6.18	0.666151828
FBgn0010113	6	6.26666666666667	0.15499865
FBgn0033183	4	5.795	-0.697637047
FBgn0039265	3	5.95	0.788630507
FBgn0036210	3	5.66	-0.088076053
FBgn0020622	19	6.12421052631579	-0.500056855
FBgn0011272	3	5.88	0.299311303
FBgn0002645	4	6.05	0.647445462
FBgn0037744	3	6.09333333333333	-0.597158244
FBgn0259178	4	5.8675	-0.236323228
FBgn0037315	12	6.01583333333333	-0.273940868
FBgn0036815	3	5.61	-0.791654344
FBgn0037580	5	6.02	-0.747833949
FBgn0261243	6	6.255	-0.732894313
FBgn0036998	3	6.97333333333333	0.007407933
FBgn0034691	5	5.712	0.022914618
FBgn0035298	32	6.13	-0.063631359
FBgn0038619	4	5.79	-0.559697064
FBgn0035145	26	6.07961538461539	-0.751983612
FBgn0035208	3	6.13333333333333	-0.337440661
FBgn0036000	5	6.24	-0.729123276
FBgn0032871	8	6.5025	-0.09185967
FBgn0010772	18	6.08222222222222	-0.552591553
FBgn0014092	7	6.06285714285714	0.392446756
FBgn0032943	3	5.82666666666667	0.363323313
FBgn0031381	4	6.115	0.721849061
FBgn0025360	4	6.2	-0.703624286
FBgn0259978	6	6.5	0.930475188
FBgn0010407	5	6.148	-0.312791992
FBgn0033188	4	6.055	-0.635040167
FBgn0035085	3	6.12666666666667	0.244762511
FBgn0051224	6	5.78666666666667	0.358448041
FBgn0037537	4	6.17	0.762343462
FBgn0027607	4	6.215	-0.868658392
FBgn0027866	151	6.13920529801324	0.249334456
FBgn0042693	14	6.01714285714286	-0.261770129
FBgn0036386	3	5.48	-0.760744617
FBgn0010750	14	6.12428571428571	-0.029384852
FBgn0039274	3	6.22666666666667	-0.138524845
FBgn0038549	3	6.23333333333333	-0.303270027
FBgn0033029	19	5.9721052631579	-0.788696563
FBgn0016687	3	5.64	0.367156799
FBgn0017414	4	5.9175	0.360649883
FBgn0262112	5	6.052	-0.485617254
FBgn0011653	5	6.252	-0.379950463
FBgn0037902	3	6.09333333333333	-0.784729636
FBgn0019890	4	6.05	-0.619602299
FBgn0031321	12	6.31916666666667	-0.650930066
FBgn0039337	3	5.91333333333333	-0.69524513
FBgn0004118	4	6.25	-0.443578403
FBgn0051523	14	5.87	0.809928858
FBgn0010435	4	6.29	-0.307844832
FBgn0001296	4	6.6	-0.487635852
FBgn0037341	3	6.51333333333333	0.798757525
FBgn0031830	4	6.57	0.3020018
FBgn0050466	3	6.10666666666667	-0.420208374
FBgn0260798	11	6.08909090909091	0.355711208
FBgn0261562	14	5.79142857142857	0.098324247
FBgn0037504	6	6.19333333333333	-0.727729981
FBgn0046247	6	6.305	0.747129624
FBgn0040487	3	5.80666666666667	-0.491052225
FBgn0031773	3	6.14666666666667	0.829598047
FBgn0262617	5	5.868	0.269543923
FBgn0052365	4	6.1	0.611606354
FBgn0036395	4	6.115	0.809091528
FBgn0051249	4	5.93	-0.420716998
FBgn0043458	20	6.1335	0.832733636
FBgn0034249	3	6.86	0.176192705
FBgn0037298	16	6.31	0.767022226
FBgn0034176	7	6.40285714285714	-0.681542749
FBgn0014870	3	6.47333333333333	-0.598053088
FBgn0037329	22	6.00909090909091	-0.668458123
FBgn0039120	6	5.67333333333333	0.708536655
FBgn0035767	5	6.192	-0.401075549
FBgn0020305	18	6.03777777777778	0.242533528
FBgn0035271	4	5.83	0.224075271
FBgn0039859	5	6.052	-0.083421547
FBgn0014001	6	5.92166666666667	0.849541081
FBgn0003510	9	6.18	-0.125789474
FBgn0261808	4	5.92	0.012308811
FBgn0039431	4	6.17	0.074935093
FBgn0264718	6	6.34	-0.556618535
FBgn0033062	22	6.07818181818182	-0.575438654
FBgn0039765	3	6.26666666666667	-0.369341634
FBgn0011746	3	5.70666666666667	-0.595607239
FBgn0022238	5	5.946	-0.632393179
FBgn0039581	4	6.175	0.058884445
FBgn0050431	15	6.12333333333333	-0.735626211
FBgn0000057	3	6.1	0.823068773
FBgn0035144	17	6.12647058823529	-0.206687759
FBgn0051344	6	6.82	0.418297547
FBgn0028622	3	6.11333333333333	-0.40279173
FBgn0051957	3	6.08	0.406588062
FBgn0001230	6	5.89	-0.17577983
FBgn0264711	4	6.705	-0.531700176
FBgn0250830	25	6.1084	0.648200124
FBgn0033317	3	5.86666666666667	-0.659668321
FBgn0083987	3	5.74666666666667	0.27808557
FBgn0052177	3	5.65333333333333	-0.824471738
FBgn0036641	6	5.94333333333333	0.613899187
FBgn0086758	15	6.16733333333333	-0.1971065
FBgn0020386	148	6.09364864864864	0.815140869
FBgn0004908	4	5.72	-0.519435002
FBgn0037818	7	6.05857142857143	-0.614697418
FBgn0037225	86	6.18151162790698	-0.202626636
FBgn0037083	5	6.026	-0.414862992
FBgn0038816	6	6.07333333333333	0.575563371
FBgn0261565	5	5.956	-0.453446141
FBgn0000289	6	6.32666666666667	0.106532679
FBgn0001234	3	6.46666666666667	-0.83350025
FBgn0037930	3	5.77333333333333	0.76770144
FBgn0031260	6	6.25	0.32637287
FBgn0086901	3	6.04666666666667	-0.696505228
FBgn0010109	3	5.96666666666667	-0.662748148
FBgn0037856	7	5.79714285714286	-0.030334827
FBgn0003129	4	5.72	-0.399948565
FBgn0045035	3	6.93333333333333	0.104992697
FBgn0026179	4	6.66	-0.799616066
FBgn0033777	5	6.106	0.838273294
FBgn0010651	5	5.772	-0.833558212
FBgn0027570	24	6.12458333333334	-0.317478567
FBgn0031224	88	6.09761363636364	-0.486457207
FBgn0051390	3	5.77333333333333	0.235456693
FBgn0035627	4	5.67	-0.234499426
FBgn0000032	5	5.972	0.937013043
FBgn0035308	8	5.9575	-0.337937281
FBgn0023416	7	6.28285714285714	-0.500912215
FBgn0035251	20	5.8785	0.357075042
FBgn0037881	10	5.908	0.683577955
FBgn0035199	17	6.12705882352941	-0.11715523
FBgn0053977	4	6.41	0.275944228
FBgn0036332	3	5.65666666666667	0.58797976
FBgn0004777	35	6.14942857142857	-0.013156371
FBgn0086605	70	6.19442857142857	0.669608039
FBgn0038638	4	5.74	-0.363344005
FBgn0031573	3	6.68	0.88536991
FBgn0011706	4	5.73	-0.701593178
FBgn0031270	42	6.22142857142857	0.270039874
FBgn0037344	3	5.96	0.457191813
FBgn0001125	4	6.095	0.068551012
FBgn0034792	8	6.185	0.274155496
FBgn0024833	5	5.868	0.896786507
FBgn0039304	3	6	0.845015196
FBgn0259791	7	6.66	0.699033855
FBgn0034948	3	6.44	0.90610329
FBgn0015360	12	6.25666666666667	0.936690161
FBgn0034877	5	6.732	-0.188245814
FBgn0038302	6	6.38	-0.024540686
FBgn0032704	4	6.05	0.754516705
FBgn0035407	3	5.81333333333333	-0.423684129
FBgn0015924	4	5.675	-0.466908623
FBgn0003721	4	6.05	0.316395025
FBgn0035401	4	5.65	-0.23485792
FBgn0260756	17	6.06411764705882	-0.130311193
FBgn0036059	4	5.8975	0.01038748
FBgn0031244	19	6.23631578947368	0.791838578
FBgn0015831	7	5.61	-0.111588044
FBgn0037330	9	6.26666666666667	0.163227789
FBgn0261049	6	5.9	-0.563070711
FBgn0040005	9	6.10222222222222	0.853439947
FBgn0083068	4	5.64	0.584062496
FBgn0023214	8	6.64	-0.828708441
FBgn0037788	10	5.722	-0.59174037
FBgn0037530	3	5.86666666666667	0.85847377
FBgn0033757	8	5.7875	0.958882696
FBgn0034282	6	5.9	-0.812332074
FBgn0041191	4	6.605	-0.013396878
FBgn0036916	6	6.02	-0.046925046
FBgn0039150	6	5.81166666666667	-0.279003197
FBgn0052486	4	5.985	-0.843051009
FBgn0039800	4	5.78	-0.336753604
FBgn0039870	4	5.85	0.744315052
FBgn0031631	7	6.38857142857143	-0.033098616
FBgn0010424	7	6.36571428571429	-0.243682894
FBgn0052418	9	5.79333333333333	-0.177342676
FBgn0037368	4	6.025	-0.536791986
FBgn0031710	8	5.86	-0.329876407
FBgn0040534	3	5.91333333333333	-0.373918404
FBgn0031250	24	6.14666666666667	-0.775404889
FBgn0031604	4	5.71	-0.272177663
FBgn0033902	3	5.51666666666667	0.273548905
FBgn0260861	5	6.066	0.037978992
FBgn0026320	12	6.205	-0.875591207
FBgn0032430	6	5.85666666666667	-0.699527713
FBgn0033177	4	5.46	0.763804333
FBgn0037293	25	6.3088	-0.660505712
FBgn0262526	4	6.345	0.294357138
FBgn0031970	3	5.8	-0.454715587
FBgn0041186	3	5.85333333333333	-0.806990212
FBgn0032515	6	6.28666666666667	0.413152768
FBgn0039218	3	5.91333333333333	-0.121240047
FBgn0042174	4	5.92	-0.362168312
FBgn0032485	4	5.64	-0.029563429
FBgn0011297	3	6.82	-0.648553039
FBgn0039830	6	6.14666666666667	0.172405112
FBgn0028970	3	5.86	-0.446791895
FBgn0035247	31	6.2783870967742	0.335424051
FBgn0260794	33	6.37636363636364	-0.420925922
FBgn0036574	9	6.18444444444444	-0.158128985
FBgn0052066	4	5.8575	-0.662505811
FBgn0031379	21	6.37809523809524	-0.785565494
FBgn0000071	38	6.2	-0.851299371
FBgn0039350	14	6.13571428571429	0.928438627
FBgn0020766	10	5.99	-0.740437647
FBgn0010323	28	6.18535714285714	-0.524843299
FBgn0028473	4	6.1075	0.307851857
FBgn0039157	10	6.132	-0.379905241
FBgn0032934	10	5.734	0.808002785
FBgn0029117	5	6.316	0.343351922
FBgn0010282	8	6.055	-0.298065993
FBgn0031213	118	6.22279661016948	0.784880595
FBgn0261065	4	5.74	-0.82191853
FBgn0038223	3	5.89333333333333	0.330680824
FBgn0041087	4	6.025	-0.215481652
FBgn0015621	17	5.98529411764706	-0.451604258
FBgn0032214	5	6.448	0.812413859
FBgn0015402	7	5.56142857142857	0.731099673
FBgn0031418	3	6.91333333333333	0.296519787
FBgn0038321	3	5.49333333333333	0.122290692
FBgn0010051	4	6.765	-0.17267331
FBgn0039117	4	6.32	-0.70395881
FBgn0039128	4	5.975	-0.276733697
FBgn0036775	4	5.8	-0.568544317
FBgn0038973	6	5.75333333333333	-0.039356417
FBgn0086475	5	6.192	-0.26587896
FBgn0032751	6	5.57	-0.614758266
FBgn0050344	3	6.38666666666667	0.458463161
FBgn0037610	5	6.368	-0.176048057
FBgn0022160	3	6.74666666666667	-0.099855573
FBgn0013983	4	6.0475	-0.628986724
FBgn0262169	11	6.18181818181818	0.376044006
FBgn0031229	62	6.03516129032258	0.209259605
FBgn0035205	31	5.90903225806452	-0.703296707
FBgn0003507	3	6.15333333333333	-0.730010312
FBgn0035440	7	6.35714285714286	-0.465515801
FBgn0035420	3	5.98666666666667	0.8042153
FBgn0031282	10	5.751	-0.462337863
FBgn0034975	6	5.9	0.266889578
FBgn0053526	26	6.02269230769231	-0.817077518
FBgn0039250	3	5.91333333333333	-0.664447333
FBgn0004406	3	6.24333333333333	0.332744737
FBgn0026400	3	5.85333333333333	0.833911657
FBgn0037747	5	6.19	-0.310209303
FBgn0039301	4	5.96	-0.53301441
FBgn0085412	7	5.71142857142857	-0.683650193
FBgn0031401	9	5.90444444444445	0.593023572
FBgn0051457	6	6.42	0.835701296
FBgn0034046	4	5.5675	0.835453552
FBgn0022023	5	5.672	-0.063332019
FBgn0027518	4	6.335	-0.512675079
FBgn0015324	3	5.88	0.795513444
FBgn0001222	4	5.895	0.198675147
FBgn0038037	6	5.82666666666667	-0.311812428
FBgn0002891	3	6.06	-0.105492902
FBgn0010602	11	6.13454545454545	0.128537
FBgn0035189	25	6.3368	-0.190353646
FBgn0033590	3	6.74666666666667	-0.156445317
FBgn0260010	10	5.86	-0.268674511
FBgn0035173	12	5.65083333333333	0.329786005
FBgn0033872	11	5.93636363636363	-0.508242884
FBgn0037671	10	5.902	0.559794465
FBgn0037414	12	5.98333333333333	-0.323369629
FBgn0034075	4	6.0275	-0.829373725
FBgn0013726	3	5.96666666666667	0.188824701
FBgn0035122	7	5.98285714285714	-0.211777303
FBgn0003015	12	6.13	0.736860457
FBgn0004378	37	5.97243243243243	-0.116097084
FBgn0024558	3	5.86	0.543299003
FBgn0031634	6	6.65333333333333	-0.346940563
FBgn0035236	9	6.15333333333333	-0.874190435
FBgn0035675	3	6.34	0.033463251
FBgn0051301	3	5.52	0.4245186
FBgn0036661	4	6.295	0.684511869
FBgn0031993	4	5.675	-0.45399474
FBgn0261385	4	5.755	0.18814675
FBgn0028481	7	5.98428571428571	-0.198472242
FBgn0259707	3	5.99333333333333	-0.353539665
FBgn0037552	4	6.39	-0.733054864
FBgn0037482	3	5.77333333333333	0.210700285
FBgn0031309	5	5.876	0.390348153
FBgn0033379	8	5.995	-0.375836253
FBgn0032587	7	5.85428571428571	0.545051381
FBgn0023143	4	5.81	-0.434358755
FBgn0029092	4	6.13	0.9113849
FBgn0053554	10	5.822	-0.479178283
FBgn0033000	13	6.18307692307692	0.693779126
FBgn0010438	5	6.792	-0.651102732
FBgn0036336	4	5.6175	0.330033653
FBgn0034958	6	6.25666666666667	-0.697532083
FBgn0039273	5	5.968	-0.717869214
FBgn0033273	6	5.93333333333333	0.702475032
FBgn0033906	3	5.51666666666667	-0.621186754
FBgn0039690	3	5.95333333333333	-0.241061699
FBgn0028539	5	6.606	0.32852482
FBgn0031738	3	7.09333333333333	0.268780164
FBgn0027932	5	6.248	-0.7349489
FBgn0034158	5	5.808	-0.09390521
FBgn0031992	4	6.375	0.235225134
FBgn0039665	5	5.788	0.740483369
FBgn0035137	4	5.78	-0.6981986
FBgn0000099	17	6.23764705882353	-0.408870435
FBgn0004133	4	5.58	-0.312552027
FBgn0028789	6	6.18333333333333	-0.827944157
FBgn0032685	3	6.19333333333333	-0.243841322
FBgn0034570	4	5.95	-0.208474108
FBgn0042094	4	5.83	-0.353036055
FBgn0037878	6	6.13	0.298112111
FBgn0002733	3	6.09333333333333	-0.618449657
FBgn0037200	4	6.375	-0.697982866
FBgn0053051	4	6.325	-0.526843502
FBgn0033101	4	5.6525	0.864314394
FBgn0032168	5	5.768	0.368856478
FBgn0010100	7	5.69	0.807373543
FBgn0053100	4	5.915	-0.659673427
FBgn0036454	8	6.215	-0.254552067
FBgn0052027	3	6.26	0.570708597
FBgn0011828	4	5.65	-0.400141747
FBgn0039698	4	5.71	0.6514098
FBgn0033039	13	5.92538461538462	0.422511228
FBgn0026061	6	6.005	-0.814692038
FBgn0033184	4	6.34	0.290814922
FBgn0041096	4	6.235	-0.411840229
FBgn0033520	4	6.65	-0.502049103
FBgn0037379	3	6.80666666666667	0.662937013
FBgn0003480	4	5.77	0.156129127
FBgn0031403	14	5.99142857142857	-0.64732847
FBgn0014417	5	6.248	-0.098533288
FBgn0002573	3	5.65	-0.492787121
FBgn0016756	4	6.72	0.298293368
FBgn0037513	3	6.04666666666667	0.160827044
FBgn0032869	5	6.392	-0.056506075
FBgn0027539	5	6.264	0.873297594
FBgn0036908	6	6.03333333333333	0.7840665
FBgn0016034	5	6.152	0.956536598
FBgn0263039	4	6.405	-0.276130955
FBgn0027111	8	5.83875	-0.548413087
FBgn0037199	8	6.115	0.423478259
FBgn0037778	8	5.945	0.37309143
FBgn0002791	5	5.9	0.663899198
FBgn0050389	4	6.305	-0.797848808
FBgn0028983	3	5.86666666666667	-0.607042589
FBgn0003257	3	6.05333333333333	0.737531209
FBgn0037327	20	5.86	0.953139252
FBgn0024958	8	5.8875	0.37974417
FBgn0037024	5	6.174	0.834046258
FBgn0053087	3	5.74	-0.216074229
FBgn0051950	7	5.94285714285714	-0.526677041
FBgn0260799	31	6.12258064516129	0.27982537
FBgn0040823	6	6.05	0.566162606
FBgn0011361	6	6.11	-0.449724838
FBgn0027492	3	6.26666666666667	-0.694654588
FBgn0037613	3	5.77333333333333	-0.174016749
FBgn0032172	9	6.10888888888889	0.916138799
FBgn0027495	5	6.252	0.707988671
FBgn0032050	4	5.78	-0.701734911
FBgn0015316	4	6.2	0.175203391
FBgn0035644	3	6.21333333333333	-0.704962099
FBgn0037876	9	6.47111111111111	0.085421597
FBgn0033374	8	6.0425	0.326130721
FBgn0028577	7	6.11714285714286	-0.340605494
FBgn0032690	7	5.88142857142857	-0.547481375
FBgn0040007	17	5.85823529411765	0.062126106
FBgn0261113	5	5.904	-0.554184675
FBgn0020910	4	6.015	0.135653221
FBgn0000557	4	5.71	-0.472104811
FBgn0085484	3	6.18	-0.12296451
FBgn0053095	6	5.82666666666667	-0.163630717
FBgn0037723	7	5.61428571428571	0.047757423
FBgn0027579	8	6.0475	0.812835088
FBgn0032194	4	5.98	-0.643961406
FBgn0035181	9	5.76888888888889	0.101281199
FBgn0031602	6	5.98666666666667	-0.323304719
FBgn0037428	3	5.85333333333333	-0.249125556
FBgn0000100	4	5.84	0.013622629
FBgn0032154	6	6.30333333333333	-0.592045127
FBgn0032726	3	5.8	-0.423388621
FBgn0001316	6	6.19	-0.085850864
FBgn0036062	6	6.05	0.23308437
FBgn0037702	10	5.86	0.604956018
FBgn0035267	15	6.30666666666667	-0.706721145
FBgn0003339	7	5.82142857142857	-0.64174682
FBgn0259822	4	5.9075	-0.228923234
FBgn0051223	3	6.14	-0.609197132
FBgn0010313	7	6.74857142857143	-0.632279222
FBgn0037921	9	6.24666666666667	-0.632049336
FBgn0032514	3	6.10666666666667	0.801520211
FBgn0034705	6	5.93666666666667	-0.425114519
FBgn0037203	6	6.08	0.226091409
FBgn0000109	20	5.9215	-0.270293828
FBgn0037620	10	5.844	0.680215962
FBgn0034224	3	5.44666666666667	-0.589814238
FBgn0259234	8	6.08	0.509357446
FBgn0034880	5	6.188	-0.350173482
FBgn0011787	5	5.844	-0.518243602
FBgn0259704	4	5.765	0.059817786
FBgn0023094	6	5.87	0.160899835
FBgn0083919	5	5.656	-0.561007798
FBgn0263510	4	5.73	-0.732586926
FBgn0002629	5	5.944	-0.809597215
FBgn0263198	3	5.58	-0.625764739
FBgn0033087	5	6.616	-0.797956234
FBgn0004919	5	5.628	-0.271041937
FBgn0051133	5	6.016	-0.60748673
FBgn0031247	20	5.9995	0.517622923
FBgn0037262	49	6.08775510204081	-0.174240958
FBgn0031267	6	6.00166666666667	-0.32157863
FBgn0033663	8	5.8025	0.926023056
FBgn0010309	3	5.6	-0.511085355
FBgn0037664	4	5.92	0.645396012
FBgn0035151	7	6.15285714285714	0.571687767
FBgn0034417	4	5.85	-0.280193727
FBgn0015031	3	5.76333333333333	-0.154828212
FBgn0020304	32	6.106875	-0.671810393
FBgn0037808	3	5.95	-0.423605203
FBgn0031265	7	6.81714285714286	-0.656080412
FBgn0037730	5	5.976	-0.38298164
FBgn0262473	5	5.904	0.802727282
FBgn0000547	5	6.028	-0.434526128
FBgn0004901	3	5.77333333333333	-0.730763559
FBgn0051522	34	5.93088235294118	-0.573826777
FBgn0039126	10	6.354	0.247640642
FBgn0263490	7	5.95428571428571	0.464033086
FBgn0262970	9	6.08777777777778	0.027836669
FBgn0035101	166	6.12126506024095	-0.709880004
FBgn0038747	3	6.29666666666667	-0.603155189
FBgn0039732	5	6.084	-0.253957602
FBgn0039741	5	6.048	0.081561562
FBgn0036652	6	6.15333333333333	-0.276615983
FBgn0260766	3	6.03333333333333	-0.400713264
FBgn0027066	7	6.58857142857143	-0.109206224
FBgn0037923	6	6.27	-0.064674491
FBgn0038318	6	6.15	-0.595404961
FBgn0020309	4	6.39	-0.507312044
FBgn0051272	7	6.01142857142857	-0.493907473
FBgn0032915	3	6.14	-0.00327732
FBgn0000723	3	6.12	-0.711179851
FBgn0003090	3	6.44333333333333	-0.285504765
FBgn0035165	15	6.07533333333333	0.785158172
FBgn0086736	8	5.99	-0.777232406
FBgn0033971	8	5.6325	-0.286586591
FBgn0031457	8	5.85	0.459355099
FBgn0034490	6	5.91333333333333	-0.142932687
FBgn0035243	8	6.0575	-0.232556988
FBgn0039212	3	6	-0.404647674
FBgn0003162	6	5.80666666666667	-0.253591499
FBgn0062440	8	6.15	0.585348674
FBgn0000454	4	5.66	-0.132511308
FBgn0035424	6	6.12666666666667	-0.687651369
FBgn0034568	4	5.95	-0.515184148
FBgn0025693	14	6.02714285714286	-0.055496735
FBgn0004587	3	6.29333333333333	-0.674848739
FBgn0261380	5	6.1	-0.736167754
FBgn0262117	123	6.13398373983739	0.512962801
FBgn0039636	4	6.12	-0.74964665
FBgn0037135	4	5.785	0.330828244
FBgn0026620	5	6.024	-0.64825738
FBgn0037372	18	6.07888888888889	-0.306937128
FBgn0259745	4	6.01	-0.144387539
FBgn0027597	8	6.3375	-0.692942131
FBgn0027903	5	6.146	-0.602269275
FBgn0037608	7	6.19142857142857	-0.192213854
FBgn0028695	4	6.13	-0.83841289
FBgn0261283	6	6.00333333333333	-0.308317696
FBgn0040206	3	6.09333333333333	0.895485686
FBgn0011762	3	5.84	-0.343006629
FBgn0051151	4	6.32	0.152725907
FBgn0037239	134	6.07395522388059	0.806429848
FBgn0000448	4	5.535	-0.302447662
FBgn0085260	3	6.78	-0.173873865
FBgn0261108	3	5.77333333333333	0.529622268
FBgn0037780	5	5.962	0.786142284
FBgn0013751	3	5.84666666666667	-0.64728563
FBgn0032210	4	6.45	-0.726456127
FBgn0034540	3	6.29333333333333	-0.746540407
FBgn0038183	3	5.52666666666667	-0.720140264
FBgn0050156	14	6.38714285714286	-0.447259925
FBgn0003435	17	6.02529411764706	-0.54388285
FBgn0033055	8	6.0525	0.874692938
FBgn0037443	4	6.17	-0.010960236
FBgn0004885	3	5.91333333333333	-0.610864405
FBgn0039271	5	6	-0.617607852
FBgn0037636	3	6.18	-0.361535595
FBgn0033033	6	5.83666666666667	0.077232765
FBgn0032234	6	5.63333333333333	-0.095731346
FBgn0032202	7	6.16	-0.676640987
FBgn0001280	3	6	0.054092384
FBgn0261437	13	5.95384615384615	-0.321927208
FBgn0037234	97	6.01969072164948	0.809912559
FBgn0037312	19	6.30105263157895	0.721619063
FBgn0035954	4	6.135	-0.763251984
FBgn0259247	5	6.4	0.904518148
FBgn0036150	5	6.164	-0.661586265
FBgn0033905	4	5.5525	0.207347594
FBgn0039544	3	6.03333333333333	0.749501382
FBgn0023000	4	6.48	0.620522615
FBgn0261599	3	6.13333333333333	0.060116468
FBgn0014018	7	5.82285714285714	-0.257591228
FBgn0021814	5	6.088	-0.780793382
FBgn0051638	10	6.532	-0.799325691
FBgn0033005	20	6.213	0.813920036
FBgn0027527	8	5.9875	-0.342872417
FBgn0020248	13	6.08	0.31213163
FBgn0004603	11	5.97818181818182	-0.505546339
FBgn0037574	4	6.385	-0.320836039
FBgn0031258	3	5.44	0.05578861
FBgn0037703	10	5.86	-0.593902959
FBgn0038425	7	5.99285714285714	0.654956802
FBgn0015371	10	6.088	-0.783014062
FBgn0260860	4	5.71	-0.407590109
FBgn0024248	5	6.148	0.168570118
FBgn0002578	6	5.785	-0.540630527
FBgn0037215	1018	6.09157170923384	-0.1858679
FBgn0259175	3	6.37333333333333	-0.245187969
FBgn0052163	6	5.94333333333333	0.363161792
FBgn0037186	5	5.724	-0.211119229
FBgn0037873	5	6.488	-0.591068202
FBgn0036662	6	6.5	-0.34004971
FBgn0031398	9	6.04444444444445	0.541980482
FBgn0037540	4	6.17	0.777007475
FBgn0026787	95	6.19326315789473	-0.543367086
FBgn0037741	3	6.09333333333333	-0.514667406
FBgn0031774	3	6.42666666666667	-0.338110866
FBgn0011672	4	6.26	-0.679451628
FBgn0002643	5	6.304	-0.706269109
FBgn0039300	6	5.92666666666667	0.128730509
FBgn0003429	3	6.08666666666667	-0.237211188
FBgn0035088	4	5.905	-0.00139454
FBgn0004509	5	5.796	-0.017984222
FBgn0086130	36	6.09944444444444	0.749143079
FBgn0022987	3	6.09333333333333	0.460255495
FBgn0031231	57	6.16140350877193	0.615608463
FBgn0039857	5	5.904	0.404222981
FBgn0052982	3	5.98666666666667	-0.806433081
FBgn0017578	3	5.64666666666667	-0.5693884
FBgn0051739	3	6.5	0.355149822
FBgn0259979	6	5.83666666666667	0.408024197
FBgn0038431	10	6.26	-0.49379232
FBgn0038803	5	6.164	-0.561980236
FBgn0027660	3	6.12333333333333	-0.60255632
FBgn0038519	3	5.58666666666667	0.690672724
FBgn0035285	15	6.16	-0.670125181
FBgn0032904	3	5.97333333333333	-0.684365649
FBgn0037230	136	6.06624999999999	-0.039053271
FBgn0027514	4	6.005	0.847171861
FBgn0039145	4	6.23	0.182745314
FBgn0031239	6	6.85333333333333	-0.482811994
FBgn0039588	5	6.564	-0.169879868
FBgn0033529	3	6.17333333333333	-0.349858726
FBgn0038454	4	5.99	-0.353274165
FBgn0037644	4	5.95	-0.86692909
FBgn0000543	10	6.044	-0.557701771
FBgn0031881	3	6.07333333333333	0.214256087
FBgn0085203	17	6.23529411764706	0.25450094
FBgn0036896	3	5.79333333333333	-0.460919904
FBgn0033246	5	6.28	-0.138034533
FBgn0033479	3	6.41333333333333	0.605227641
FBgn0025806	12	6.00666666666667	0.297528287
FBgn0027617	3	5.78	-0.361814614
FBgn0011016	5	6.292	-0.749692964
FBgn0036255	6	5.92166666666667	-0.419331847
FBgn0000140	6	5.83666666666667	-0.326019556
FBgn0036745	3	6.44	-0.719510754
FBgn0039970	4	6.31	0.920403807
FBgn0031251	20	6.281	-0.505087213
FBgn0037720	5	5.884	0.032973982
FBgn0261553	4	5.51	0.38127679
FBgn0028833	9	5.71555555555555	0.278137797
FBgn0035266	14	6.04285714285714	-0.296009453
FBgn0032409	4	5.56	0.07050272
FBgn0003545	5	5.952	0.115086938
FBgn0026257	4	5.865	0.322659658
FBgn0014380	11	6.09272727272727	-0.606996677
FBgn0027949	4	7	-0.542714364
FBgn0027491	6	6.32666666666667	-0.257173066
FBgn0033785	4	6.275	-0.121864273
FBgn0051040	5	5.768	-0.771620507
FBgn0005631	3	6.59333333333333	-0.632181232
FBgn0014863	3	6.08	-0.236776543
FBgn0263697	9	6.26222222222222	0.685758328
FBgn0031739	5	6.472	0.848114892
FBgn0037447	4	6.5	-0.334336358
FBgn0031985	3	5.40333333333333	0.560706047
FBgn0010894	5	5.55	-0.37323751
FBgn0038755	3	6.29333333333333	0.739836594
FBgn0035203	20	5.97	-0.305157013
FBgn0037536	5	5.924	0.849789398
FBgn0262519	4	6.13	0.047919825
FBgn0001311	3	6.25333333333333	-0.34995958
FBgn0032486	3	6.24333333333333	-0.385826215
FBgn0039209	8	6.0325	-0.686871138
FBgn0028646	4	6.045	0.37484069
FBgn0032812	12	6.2275	-0.228959882
FBgn0039158	3	5.85333333333333	0.225371209
FBgn0037713	3	5.77333333333333	0.386650273
FBgn0024945	111	6.00441441441441	0.380958207
FBgn0033373	7	6.22285714285714	-0.518428607
FBgn0051453	7	6.02857142857143	0.668012626
FBgn0086908	5	5.56	0.202712053
FBgn0037541	6	5.65	0.614137949
FBgn0038665	4	5.46	-0.286998308
FBgn0260795	4	5.87	-0.350299305
FBgn0035248	15	6.236	-0.477530405
FBgn0015338	7	5.97571428571429	-0.446921606
FBgn0036298	5	6.064	0.377672307
FBgn0051658	35	6.11314285714286	0.222337138
FBgn0028387	3	5.47333333333333	-0.580078454
FBgn0039381	3	5.77333333333333	-0.662017099
FBgn0035318	25	6.4312	-0.228833289
FBgn0036726	4	6.45	0.276692083
FBgn0035423	3	5.98666666666667	-0.66251887
FBgn0034180	5	5.976	-0.384512987
FBgn0035136	4	6.22	0.343324475
FBgn0036927	6	6.37833333333333	0.889528909
FBgn0264492	4	5.86	-0.403561133
FBgn0031869	9	5.73555555555556	-0.483242464
FBgn0035099	95	5.98673684210526	-0.540794475
FBgn0036581	5	6.136	-0.129645173
FBgn0004921	3	5.7	-0.586394944
FBgn0039852	3	5.82	-0.280650674
FBgn0001974	6	5.92666666666667	0.82495404
FBgn0039501	4	6.12	-0.48999217
FBgn0039764	14	6.31285714285714	0.209500851
FBgn0037819	4	5.8625	-0.685729733
FBgn0026372	24	6.14958333333334	0.278814758
FBgn0039766	14	6.31285714285714	-0.26621894
FBgn0261064	3	5.64666666666667	-0.60475044
FBgn0033913	9	6.11111111111111	-0.655923105
FBgn0027453	9	6.52444444444444	0.908214955
FBgn0015542	6	6.22666666666667	-0.318997286
FBgn0004907	3	6.35333333333333	-0.748261888
FBgn0011655	10	5.922	-0.358591784
FBgn0024912	21	5.92142857142857	0.257905112
FBgn0039563	3	6.31333333333333	-0.676951175
FBgn0250785	5	6.144	0.522272372
FBgn0024689	4	6.05	0.880390803
FBgn0003415	6	6.49666666666667	-0.182369298
FBgn0035252	4	5.9	0.437727919
FBgn0029118	4	5.585	-0.376821637
FBgn0053203	4	5.77	-0.255408244
FBgn0032026	14	6.53	-0.200808828
FBgn0035761	3	6.37333333333333	-0.418283703
FBgn0037376	6	6.37	0.885395086
FBgn0040227	3	6.64666666666667	-0.271107731
FBgn0037301	22	6.38545454545454	-0.610560313
FBgn0033884	6	6.27	-0.67594709
FBgn0014002	4	5.895	0.365870078
FBgn0011204	15	6.228	0.966048805
FBgn0032054	4	5.78	0.259934446
FBgn0033378	3	5.70666666666667	-0.72966786
FBgn0264442	4	5.9075	-0.466481959
FBgn0033890	4	6.855	-0.69326666
FBgn0037880	6	6.13	-0.312751115
FBgn0015801	4	6.14	0.018272589
FBgn0031287	18	6.14	-0.639266852
FBgn0041605	184	6.05869565217391	-0.30786663
FBgn0039508	4	5.67	-0.682037442
FBgn0043791	3	5.73333333333333	-0.750097255
FBgn0041111	4	6.015	0.248885427
FBgn0003250	4	5.93	-0.596396264
FBgn0033060	14	6.38285714285714	0.218834406
FBgn0034919	6	6.385	-0.044775821
FBgn0031574	6	6.34	-0.617958569
FBgn0031872	5	6.28	-0.874125029
FBgn0002183	6	5.82	-0.842153991
FBgn0004855	3	5.92666666666667	0.431962223
FBgn0013725	4	6.68	-0.848000739
FBgn0260011	3	5.73333333333333	-0.788366208
FBgn0002021	5	7.116	-0.395188985
FBgn0032642	4	5.73	-0.044847328
FBgn0259227	3	5.82	0.41670595
FBgn0065064	6	6	-0.017999051
FBgn0036354	3	5.97333333333333	-0.103902998
FBgn0037653	8	6.4	0.795448705
FBgn0037250	167	6.15221556886226	-0.621441965
FBgn0035111	145	6.15289655172413	0.556629851
FBgn0032465	7	5.71714285714286	-0.39049912
FBgn0262739	4	6.2	-0.321047071
FBgn0037429	3	5.77333333333333	-0.313436408
FBgn0011300	4	6.215	-0.686976718
FBgn0032358	7	5.89714285714286	-0.441744152
FBgn0016078	4	6.25	0.604416234
FBgn0037657	3	6.3	0.04534425
FBgn0035237	7	6.54	-0.767125179
FBgn0042205	4	5.83	0.097400004
FBgn0250814	7	5.72285714285714	-0.78495683
FBgn0036212	4	6.2	-0.657805637
FBgn0002781	5	5.844	0.869713751
FBgn0039349	9	6.16222222222222	-0.751640149
FBgn0031681	5	5.9	-0.521839793
FBgn0086445	7	5.90285714285714	0.826184612
FBgn0264357	8	6.02	0.768222314
FBgn0020299	4	5.77	-0.778780473
FBgn0038250	3	5.62666666666667	-0.155209865
FBgn0001075	3	6.50333333333333	-0.526117942
FBgn0010278	5	5.712	-0.911088718
FBgn0037439	11	6.02181818181818	-0.803413538
FBgn0005612	3	5.78666666666667	-0.725618533
FBgn0035213	4	5.52	0.198235748
FBgn0003205	4	5.98	0.485967381
FBgn0033994	5	5.936	-0.457567508
FBgn0260933	4	5.93	-0.020004717
FBgn0040298	4	5.6675	-0.479102302
FBgn0031955	3	6.34666666666667	-0.245091814
FBgn0261261	8	6.6575	0.193863253
FBgn0051719	3	5.78666666666667	-0.277181781
FBgn0264294	7	5.95714285714286	-0.648249547
FBgn0039858	3	5.73666666666667	0.121510784
FBgn0261613	7	6.60142857142857	-0.408224413
FBgn0036449	3	5.5	0.751785573
FBgn0050491	4	5.8	-0.576075123
FBgn0039740	9	6.18	0.760040374
FBgn0004396	3	5.52666666666667	-0.696911565
FBgn0086695	26	5.97384615384615	-0.61910716
FBgn0035325	13	6.20923076923077	-0.33691558
FBgn0052221	5	6.124	0.746824836
FBgn0035907	4	6.055	0.828542816
FBgn0033466	3	6.16333333333333	0.23650643
FBgn0035065	5	5.56	-0.426073807
FBgn0000244	4	6.285	0.143158026
FBgn0036828	4	5.705	0.086626743
FBgn0031377	11	6.19	-0.444132043
FBgn0031298	9	6.37222222222222	0.581096626
FBgn0039505	4	5.8875	0.408737678
FBgn0037046	4	6.3125	-0.453200956
FBgn0259220	4	6.115	0.246469493
FBgn0035720	3	6.64	0.185244279
FBgn0015805	4	5.785	-0.395882378
FBgn0051072	3	6.04666666666667	0.929069334
FBgn0031660	3	6.46666666666667	0.754493452
FBgn0033401	4	5.66	-0.661774937
FBgn0038809	9	6.17111111111111	-0.301163258
FBgn0039251	3	5.91333333333333	0.934989952
FBgn0031228	110	6.08163636363636	-0.184373758
FBgn0052109	5	6.6	0.733661215
FBgn0032629	9	5.85777777777778	-0.70979634
FBgn0041717	6	5.78333333333333	-0.226533348
FBgn0263852	6	5.78333333333333	0.228232433
FBgn0028398	6	6.30333333333333	-0.413223579
FBgn0037567	7	5.71428571428571	0.060450041
FBgn0000239	3	6.18	0.894446228
FBgn0005536	4	5.695	-0.380833174
FBgn0037241	86	6.08348837209302	-0.009357171
FBgn0263933	4	5.6575	0.931901337
FBgn0010482	3	6.24	-0.104550579
FBgn0261238	4	6.1	0.665744478
FBgn0003900	4	5.85	-0.609764279
FBgn0001986	4	5.9	0.319983528
FBgn0038535	5	5.724	-0.248592853
FBgn0002543	14	6.04142857142857	-0.761549999
FBgn0250850	4	6.2325	0.924150289
FBgn0016696	3	6.7	0.050542996
FBgn0008654	3	6.00666666666667	-0.340466632
FBgn0052475	1170	6.10529914529919	-0.319231024
FBgn0003138	20	5.987	0.896276401
FBgn0039406	4	5.85	0.205340158
FBgn0032249	5	5.728	0.778999182
FBgn0032783	3	6.05333333333333	0.425770463
FBgn0033021	3	5.47666666666667	-0.482703004
FBgn0038320	6	6.15	-0.230126061
FBgn0033633	4	6.405	-0.346420314
FBgn0261850	4	6	-0.540825367
FBgn0037684	3	6.04666666666667	-0.739806038
FBgn0003041	4	5.92	-0.736051429
FBgn0002901	4	6.14	0.822963082
FBgn0051158	3	5.86	-0.607212086
FBgn0262559	7	5.65714285714286	0.040035537
FBgn0026403	5	6.018	-0.367611561
FBgn0015829	3	6.22	-0.690275715
FBgn0035107	155	6.0194193548387	0.630825731
FBgn0031876	4	5.97	-0.071621934
FBgn0013753	12	6.08166666666667	-0.104297799
FBgn0026570	11	6.2	0.795041552
