Genes,TFBS,average_binding,covariation_expression
FBgn0011204,13,6.93,0.966048805
FBgn0037327,11,8.69,0.953139252
FBgn0261862,16,9.5,0.947727422
FBgn0035207,10,5.93,0.944905395
FBgn0031233,28,7.53,0.942680341
FBgn0015360,15,10.5,0.936690161
FBgn0036117,16,8.53,0.932292221
FBgn0259978,3,5.74,0.930475188
FBgn0036484,12,8.48,0.929382591
FBgn0039350,22,10.5,0.928438627
FBgn0027453,6,8.07,0.908214955
FBgn0259247,23,3.48,0.904518148
FBgn0001142,8,7.93,0.902447611
FBgn0003138,5,10.74,0.896276401
FBgn0031284,3,10.22,0.894624598
FBgn0260439,15,14.03,0.892528277
FBgn0027507,4,3.48,0.887401619
FBgn0037376,3,6.69,0.885395086
FBgn0038149,16,9.69,0.877364369
FBgn0004611,5,4.03,0.876796129
FBgn0026576,3,11.48,0.87572029
FBgn0037218,9,4.03,0.858324792
FBgn0037074,15,9.5,0.856668918
FBgn0000146,5,9.44,0.8558381
FBgn0261387,15,8.48,0.84912533
FBgn0031739,13,7.94,0.848114892
FBgn0261938,3,3.48,0.840857809
FBgn0051457,3,3.5,0.835701296
FBgn0043458,8,8.03,0.832733636
FBgn0263236,3,3.53,0.820869166
FBgn0250746,8,5.74,0.817387024
FBgn0039994,9,8.55,0.816311365
FBgn0038432,4,10.74,0.814513317
FBgn0033005,8,3.5,0.813920036
FBgn0032214,3,3.48,0.812413859
FBgn0264712,5,4.03,0.810925515
FBgn0000250,3,4.74,0.810424355
FBgn0037234,27,9.55,0.809912559
FBgn0035238,9,4.79,0.80285477
FBgn0037653,4,6.07,0.795448705
FBgn0026570,14,4.03,0.795041552
FBgn0031244,7,7.48,0.791838578
FBgn0035165,7,3.66,0.785158172
FBgn0036908,3,3.48,0.7840665
FBgn0037298,8,5.09,0.767022226
FBgn0039711,5,3.53,0.763307875
FBgn0039740,4,4.88,0.760040374
FBgn0086130,11,3.66,0.749143079
FBgn0261698,5,3.55,0.743274333
FBgn0037369,5,3.66,0.739370997
FBgn0002284,5,4.29,0.738239077
FBgn0003015,4,4.03,0.736860457
FBgn0052109,4,3.48,0.733661215
FBgn0039112,16,3.55,0.722236691
FBgn0037312,12,11.48,0.721619063
FBgn0038424,3,6.48,0.718386858
FBgn0002031,3,5.11,0.71707806
FBgn0010333,4,11.48,0.709812836
FBgn0260755,7,6.93,0.70565638
FBgn0033273,10,4.07,0.702475032
FBgn0259791,6,3.5,0.699033855
FBgn0037339,3,3.93,0.698039398
FBgn0033000,5,3.64,0.693779126
FBgn0035166,5,3.55,0.690865285
FBgn0263697,4,6.48,0.685758328
FBgn0086912,19,8.44,0.685083524
FBgn0028436,4,4.24,0.679561448
FBgn0040466,7,3.93,0.67536915
FBgn0031360,3,3.5,0.673017839
FBgn0031741,3,9.48,0.671577481
FBgn0086605,26,3.48,0.669608039
FBgn0032997,8,4.03,0.668118286
FBgn0261985,3,3.93,0.666151828
FBgn0028372,4,6.32,0.655842362
FBgn0038425,3,3.55,0.654956802
FBgn0010355,7,3.55,0.653478212
FBgn0250830,9,5.74,0.648200124
FBgn0051852,10,3.48,0.647130451
FBgn0035204,8,4.2,0.64691706
FBgn0027493,3,6.53,0.642017458
FBgn0053158,4,7.48,0.633676974
FBgn0039710,5,4.02,0.633533227
FBgn0004373,8,4.02,0.630797513
FBgn0037603,5,5.74,0.629470721
FBgn0035471,3,5.84,0.620837264
FBgn0031231,24,3.48,0.615608463
FBgn0037358,9,3.93,0.613996922
FBgn0052479,3,8.48,0.611271989
FBgn0022985,3,3.5,0.606583383
FBgn0016078,3,3.64,0.604416234
FBgn0062440,4,7.48,0.585348674
FBgn0031298,5,3.55,0.581096626
FBgn0000546,4,6.2,0.576294758
FBgn0035151,3,3.48,0.571687767
FBgn0025777,3,4.07,0.558611361
FBgn0035906,3,3.5,0.543292172
FBgn0031398,4,3.93,0.541980482
FBgn0053094,9,3.5,0.537488494
FBgn0261854,4,3.98,0.537130453
FBgn0004436,7,11.48,0.536181636
FBgn0010704,5,3.5,0.524918335
FBgn0031247,4,3.55,0.517622923
FBgn0003882,22,4.74,0.516108561
FBgn0031374,6,5.68,0.493747928
FBgn0033010,8,4.79,0.488551808
FBgn0052068,4,4.02,0.476247536
FBgn0003444,19,6.2,0.475327748
FBgn0051619,3,3.5,0.451872035
FBgn0015546,3,5.11,0.443609191
FBgn0037270,6,4.02,0.438933463
FBgn0264574,4,3.98,0.437190314
FBgn0017457,4,5.48,0.435617297
FBgn0037199,3,3.55,0.423478259
FBgn0051344,6,3.93,0.418297547
FBgn0085229,6,5.74,0.417155767
FBgn0032515,4,3.48,0.413152768
FBgn0035393,3,9.48,0.402341667
FBgn0260862,9,4.02,0.393665701
FBgn0035102,14,4.02,0.39232358
FBgn0067864,3,3.48,0.381332459
FBgn0024945,23,4.02,0.380958207
FBgn0259212,4,4.24,0.380935135
FBgn0043841,9,4.07,0.380661115
FBgn0262169,4,3.48,0.376044006
FBgn0000464,4,3.48,0.358073399
FBgn0035251,3,3.5,0.357075042
FBgn0260798,4,3.48,0.355711208
FBgn0051739,3,3.48,0.355149822
FBgn0031663,6,4.15,0.348188606
FBgn0264331,4,3.48,0.344057243
FBgn0029117,4,5.68,0.343351922
FBgn0035136,3,7.93,0.343324475
FBgn0035247,11,4.02,0.335424051
FBgn0035983,3,5.25,0.327507
FBgn0031260,3,3.55,0.32637287
FBgn0020248,3,4.07,0.31213163
FBgn0037299,18,8.5,0.311490227
FBgn0033961,3,3.5,0.309141337
FBgn0037282,8,4.24,0.305610495
FBgn0025806,5,3.55,0.297528287
FBgn0031418,3,4.07,0.296519787
FBgn0260799,9,4.02,0.27982537
FBgn0026372,6,3.98,0.278814758
FBgn0036726,3,4.02,0.276692083
FBgn0034792,4,4.07,0.274155496
FBgn0033912,4,5.48,0.272698863
FBgn0031270,17,3.93,0.270039874
FBgn0031738,3,7.48,0.268780164
FBgn0031296,7,4.5,0.268733987
FBgn0037244,18,3.48,0.261255815
FBgn0024912,3,3.66,0.257905112
FBgn0085203,7,4.02,0.25450094
FBgn0039713,9,4.15,0.249707528
FBgn0039213,3,3.48,0.248938802
FBgn0039126,4,5.68,0.247640642
FBgn0028952,5,7.93,0.243420747
FBgn0020305,5,4.02,0.242533528
FBgn0051658,11,6.25,0.222337138
FBgn0033060,6,3.55,0.218834406
FBgn0031281,3,4.07,0.21830074
FBgn0039764,7,3.5,0.209500851
FBgn0031229,16,3.5,0.209259605
FBgn0261261,5,4.24,0.193863253
FBgn0053635,18,3.55,0.189725737
FBgn0025676,4,4.07,0.185123652
FBgn0037351,5,4.02,0.183407688
FBgn0037231,12,3.98,0.172679134
FBgn0026417,16,4.02,0.16635007
FBgn0034572,3,4.07,0.163626256
FBgn0037330,4,5.48,0.163227789
FBgn0260936,7,3.93,0.162976399
FBgn0032957,3,7.48,0.159835266
FBgn0003076,4,6.5,0.156287694
FBgn0034493,3,3.48,0.131586968
FBgn0010602,4,3.66,0.128537
FBgn0263594,11,4.02,0.12290794
FBgn0035254,7,4.15,0.113935315
FBgn0037263,16,3.48,0.112886078
FBgn0035141,4,5.68,0.108084051
FBgn0000289,4,7.93,0.106532679
FBgn0045035,3,4.02,0.104992697
FBgn0035194,6,5.25,0.104749223
FBgn0010909,3,3.55,0.09211316
FBgn0037876,4,4.07,0.085421597
FBgn0038111,4,4.5,0.078351658
FBgn0003512,4,3.5,0.076496302
FBgn0028683,3,4.24,0.073557897
FBgn0011227,5,3.55,0.067213673
FBgn0040007,5,4.07,0.062126106
FBgn0031459,3,4.02,0.059069714
FBgn0001086,3,3.98,0.056309168
FBgn0035162,7,4.02,0.053208712
FBgn0034579,4,4.07,0.045814484
FBgn0035169,7,5.48,0.043407497
FBgn0260861,3,3.93,0.037978992
FBgn0262603,4,7.48,0.035883495
FBgn0037235,4,4.5,0.02937026
FBgn0031227,13,7.48,0.029091632
FBgn0032821,6,3.66,0.026883297
FBgn0024806,10,8.02,0.008597242
FBgn0036998,3,3.49,0.007407933
FBgn0037240,29,6.833448276,-0.19639202
FBgn0031228,29,6.797586207,-0.184373758
FBgn0037217,28,6.9175,-0.219180865
FBgn0259818,27,6.787777778,-0.627515344
FBgn0002931,26,6.767692308,-0.550960364
FBgn0037241,26,6.949615385,-0.009357171
FBgn0035099,25,6.896,-0.540794475
FBgn0031220,23,6.846956522,-0.24123745
FBgn0027930,23,6.846521739,-0.621437031
FBgn0016977,23,6.758695652,-0.130262477
FBgn0037242,22,6.917272727,-0.66156729
FBgn0031224,21,6.905238095,-0.486457207
FBgn0031216,19,6.82,-0.281240694
FBgn0031238,17,6.868823529,-0.518699035
FBgn0000071,17,6.785294118,-0.851299371
FBgn0052944,16,6.799375,-0.334256171
FBgn0051481,16,6.839375,-0.296815021
FBgn0260794,16,6.853125,-0.420925922
FBgn0037262,16,6.894375,-0.174240958
FBgn0035318,16,6.903125,-0.228833289
FBgn0016715,15,6.964,-0.073078203
FBgn0035146,15,6.985333333,-0.058233544
FBgn0035189,14,6.914285714,-0.190353646
FBgn0031252,14,7.019285714,-0.431615997
FBgn0013342,14,6.941428571,-0.245405042
FBgn0031253,13,7.043846154,-0.219175303
FBgn0004777,12,7.079166667,-0.013156371
FBgn0031379,12,6.923333333,-0.785565494
FBgn0031286,12,6.799166667,-0.49533602
FBgn0037301,12,6.946666667,-0.610560313
FBgn0037293,11,6.930909091,-0.660505712
FBgn0263346,11,6.943636364,-0.080260267
FBgn0010323,11,7.014545455,-0.524843299
FBgn0035235,11,6.8,-0.663244897
FBgn0032026,11,6.923636364,-0.200808828
FBgn0037364,10,6.84,-0.662291284
FBgn0031344,10,6.802,-0.645515768
FBgn0000043,10,7.007,-0.448282646
FBgn0043364,10,7.057,-0.356560664
FBgn0051559,10,7.016,-0.329013071
FBgn0037297,10,6.811,-0.445772371
FBgn0261429,9,7,-0.516267352
FBgn0035298,9,7.206666667,-0.063631359
FBgn0027570,9,6.664444444,-0.317478567
FBgn0031250,9,6.84,-0.775404889
FBgn0035287,9,6.604444444,-0.192545712
FBgn0037678,9,6.846666667,-0.3672221
FBgn0031251,9,7.026666667,-0.505087213
FBgn0022981,9,6.857777778,-0.197893134
FBgn0037633,9,7.012222222,-0.811379998
FBgn0037391,8,6.9025,-0.612554689
FBgn0037261,8,6.86,-0.757835623
FBgn0029095,8,6.89125,-0.787145406
FBgn0046222,8,7.0675,-0.23542655
FBgn0020304,8,6.91875,-0.671810393
FBgn0262624,8,6.5925,-0.771179094
FBgn0004870,8,6.91875,-0.026822167
FBgn0031399,7,6.804285714,-0.182089629
FBgn0035229,7,6.944285714,-0.71019598
FBgn0262867,7,6.777142857,-0.577751766
FBgn0031294,7,7.078571429,-0.191928411
FBgn0037329,7,6.874285714,-0.668458123
FBgn0050431,7,6.867142857,-0.735626211
FBgn0026427,7,6.858571429,-0.115666726
FBgn0035199,7,6.832857143,-0.11715523
FBgn0033032,7,6.694285714,-0.306068596
FBgn0053526,7,6.791428571,-0.817077518
FBgn0031384,7,6.947142857,-0.069611795
FBgn0003557,7,6.865714286,-0.579769464
FBgn0035267,7,6.727142857,-0.706721145
FBgn0051522,7,6.82,-0.573826777
FBgn0027066,7,6.794285714,-0.109206224
FBgn0029514,7,6.921428571,-0.005775463
FBgn0039766,7,6.954285714,-0.26621894
FBgn0032221,6,6.706666667,-0.363328382
FBgn0013755,6,7.033333333,-0.205564783
FBgn0031261,6,6.913333333,-0.414498317
FBgn0039769,6,6.93,-0.363066388
FBgn0031321,6,6.81,-0.650930066
FBgn0037313,6,7.005,-0.120970897
FBgn0033062,6,6.816666667,-0.575438654
FBgn0260756,6,6.605,-0.130311193
FBgn0023214,6,7.086666667,-0.828708441
FBgn0041160,6,6.833333333,-0.868905589
FBgn0035253,6,7.076666667,-0.016299235
FBgn0004378,6,6.833333333,-0.116097084
FBgn0013576,6,6.891666667,-0.669032511
FBgn0035678,6,7.056666667,-0.501992761
FBgn0010313,6,6.973333333,-0.632279222
FBgn0037372,6,6.788333333,-0.306937128
FBgn0050156,6,7.03,-0.447259925
FBgn0051638,6,7,-0.799325691
FBgn0035264,6,6.826666667,-0.717660105
FBgn0011656,6,6.676666667,-0.687690316
FBgn0035285,6,6.896666667,-0.670125181
FBgn0031287,6,6.851666667,-0.639266852
FBgn0085335,6,6.87,-0.532152627
FBgn0033038,6,6.671666667,-0.70868432
FBgn0037435,6,6.801666667,-0.498438298
FBgn0261613,6,6.798333333,-0.408224413
FBgn0086695,6,6.915,-0.61910716
FBgn0025712,6,7.033333333,-0.392674863
FBgn0039114,5,6.624,-0.021278034
FBgn0016054,5,6.814,-0.599653902
FBgn0037317,5,6.9,-0.249690953
FBgn0052311,5,6.88,-0.245661886
FBgn0028540,5,7.164,-0.072100236
FBgn0036648,5,7.198,-0.297146619
FBgn0035227,5,7.15,-0.231444657
FBgn0020622,5,6.984,-0.500056855
FBgn0035145,5,6.926,-0.751983612
FBgn0032871,5,6.814,-0.09185967
FBgn0010772,5,7,-0.552591553
FBgn0010750,5,6.708,-0.029384852
FBgn0261554,5,6.64,-0.542477521
FBgn0052343,5,6.852,-0.653897494
FBgn0038806,5,6.772,-0.207443371
FBgn0086768,5,6.902,-0.458955833
FBgn0002522,5,7.18,-0.692279013
FBgn0010395,5,7.144,-0.360519911
FBgn0037265,5,6.92,-0.098010863
FBgn0039116,5,6.624,-0.071421339
FBgn0011704,5,7.12,-0.807101534
FBgn0010438,5,6.874,-0.651102732
FBgn0000099,5,7.016,-0.408870435
FBgn0031265,5,6.97,-0.656080412
FBgn0027597,5,6.838,-0.692942131
FBgn0032491,5,7.308,-0.183814457
FBgn0261437,5,6.656,-0.321927208
FBgn0033376,5,6.672,-0.019932498
FBgn0026309,5,6.962,-0.635307427
FBgn0035266,5,6.786,-0.296009453
FBgn0002774,5,7.048,-0.552537694
FBgn0035233,5,6.908,-0.284539894
FBgn0033373,5,6.672,-0.518428607
FBgn0035248,5,7.016,-0.477530405
FBgn0035268,5,7.06,-0.202563074
FBgn0002021,5,7.124,-0.395188985
FBgn0020257,5,6.662,-0.796700962
FBgn0031245,5,6.984,-0.553281086
FBgn0024326,4,6.84,-0.672686695
FBgn0037347,4,6.835,-0.451242791
FBgn0028675,4,6.905,-0.160340055
FBgn0032489,4,7.36,-0.691593977
FBgn0052069,4,6.875,-0.034085786
FBgn0263113,4,6.605,-0.270579801
FBgn0027951,4,6.625,-0.091458969
FBgn0033049,4,6.675,-0.478247358
FBgn0027538,4,6.99,-0.215717469
FBgn0033029,4,6.78,-0.788696563
FBgn0036977,4,6.785,-0.394005244
FBgn0034176,4,6.825,-0.681542749
FBgn0003510,4,6.67,-0.125789474
FBgn0036096,4,6.585,-0.750832973
FBgn0028563,4,6.795,-0.733777319
FBgn0086758,4,6.8,-0.1971065
FBgn0023416,4,6.82,-0.500912215
FBgn0032901,4,6.625,-0.454184577
FBgn0034877,4,7.11,-0.188245814
FBgn0033431,4,7.31,-0.09968438
FBgn0020279,4,7,-0.078745027
FBgn0031631,4,7.2,-0.033098616
FBgn0011817,4,7.15,-0.630044885
FBgn0026320,4,7.16,-0.875591207
FBgn0020766,4,6.81,-0.740437647
FBgn0039157,4,6.965,-0.379905241
FBgn0035159,4,6.985,-0.036634762
FBgn0035205,4,7.16,-0.703296707
FBgn0035440,4,6.8275,-0.465515801
FBgn0033235,4,6.8275,-0.677934399
FBgn0052476,4,6.9475,-0.596844353
FBgn0031634,4,7.11,-0.346940563
FBgn0034958,4,6.8175,-0.697532083
FBgn0011695,4,6.8175,-0.029376284
FBgn0033520,4,6.81,-0.502049103
FBgn0031403,4,6.795,-0.64732847
FBgn0037921,4,6.835,-0.632049336
FBgn0033087,4,6.825,-0.797956234
FBgn0051211,4,6.71,-0.675132835
FBgn0003435,4,6.78,-0.54388285
FBgn0031285,4,6.8025,-0.228890156
FBgn0001123,4,6.78,-0.862397896
FBgn0036662,4,7.035,-0.34004971
FBgn0053107,4,6.835,-0.504471964
FBgn0038431,4,6.71,-0.49379232
FBgn0027949,4,6.87,-0.542714364
FBgn0027491,4,6.785,-0.257173066
FBgn0035203,4,6.72,-0.305157013
FBgn0032812,4,7.36,-0.228959882
FBgn0051100,4,6.67,-0.280932419
FBgn0002609,4,6.86,-0.352574958
FBgn0263109,4,6.9,-0.262717832
FBgn0025525,4,6.77,-0.625391839
FBgn0033913,4,6.865,-0.655923105
FBgn0015542,4,6.61,-0.318997286
FBgn0003415,4,7.03,-0.182369298
FBgn0035147,4,6.875,-0.616903446
FBgn0031304,4,6.6925,-0.722277601
FBgn0264272,4,6.585,-0.368261051
FBgn0031574,4,6.7675,-0.617958569
FBgn0013725,4,6.785,-0.848000739
FBgn0035237,4,6.8325,-0.767125179
FBgn0035325,4,6.78,-0.33691558
FBgn0031377,4,7.15,-0.444132043
FBgn0035751,4,6.9,-0.312607526
FBgn0013753,4,6.945,-0.104297799
FBgn0262126,3,7.196666667,-0.413202412
FBgn0034726,3,6.833333333,-0.584869095
FBgn0003278,3,6.703333333,-0.4696329
FBgn0037371,3,7.066666667,-0.682873825
FBgn0038407,3,6.956666667,-0.064099191
FBgn0037384,3,6.886666667,-0.038760798
FBgn0004635,3,7.03,-0.720772849
FBgn0050392,3,6.59,-0.171477202
FBgn0035270,3,7.52,-0.601290495
FBgn0034542,3,6.98,-0.616306316
FBgn0038950,3,6.64,-0.66053491
FBgn0259823,3,7.033333333,-0.709723579
FBgn0015905,3,6.956666667,-0.309457994
FBgn0005592,3,7.133333333,-0.765188962
FBgn0033716,3,6.78,-0.605980844
FBgn0035923,3,6.573333333,-0.507602148
FBgn0039130,3,7.386666667,-0.061343387
FBgn0037315,3,6.82,-0.273940868
FBgn0261243,3,6.923333333,-0.732894313
FBgn0035517,3,6.836666667,-0.407373304
FBgn0027585,3,6.893333333,-0.076343977
FBgn0035144,3,7.023333333,-0.206687759
FBgn0028734,3,7.303333333,-0.055970703
FBgn0026179,3,7.006666667,-0.799616066
FBgn0031359,3,6.753333333,-0.607920468
FBgn0039189,3,6.813333333,-0.776057465
FBgn0041191,3,6.98,-0.013396878
FBgn0086519,3,6.753333333,-0.007106252
FBgn0036999,3,7.113333333,-0.698115838
FBgn0051632,3,7.013333333,-0.334468699
FBgn0036574,3,6.813333333,-0.158128985
FBgn0050460,3,6.736666667,-0.477418841
FBgn0038951,3,6.64,-0.031053931
FBgn0010453,3,6.833333333,-0.582057357
FBgn0010051,3,7.006666667,-0.17267331
FBgn0264694,3,6.766666667,-0.739025111
FBgn0011604,3,6.886666667,-0.61274537
FBgn0032509,3,6.78,-0.360838364
FBgn0035236,3,6.896666667,-0.874190435
FBgn0028481,3,6.47,-0.198472242
FBgn0028789,3,6.81,-0.827944157
FBgn0037200,3,6.78,-0.697982866
FBgn0036454,3,7.06,-0.254552067
FBgn0041096,3,6.78,-0.411840229
FBgn0032869,3,6.756666667,-0.056506075
FBgn0025725,3,7.146666667,-0.727460437
FBgn0028577,3,7.006666667,-0.340605494
FBgn0032154,3,6.706666667,-0.592045127
FBgn0001316,3,6.753333333,-0.085850864
FBgn0000109,3,6.713333333,-0.270293828
FBgn0039348,3,6.65,-0.776488033
FBgn0037923,3,6.74,-0.064674491
FBgn0010228,3,7.386666667,-0.775858182
FBgn0035431,3,7.03,-0.259086262
FBgn0039688,3,6.946666667,-0.402493767
FBgn0032202,3,6.886666667,-0.676640987
FBgn0264707,3,6.98,-0.801592337
FBgn0036622,3,7.026666667,-0.288529078
FBgn0035415,3,6.966666667,-0.496138726
FBgn0037279,3,6.81,-0.739433429
FBgn0026370,3,7.303333333,-0.568729005
FBgn0260648,3,6.753333333,-0.67136905
FBgn0031239,3,7.52,-0.482811994
FBgn0039588,3,7.066666667,-0.169879868
FBgn0033246,3,6.966666667,-0.138034533
FBgn0014380,3,6.92,-0.606996677
FBgn0033785,3,6.703333333,-0.121864273
FBgn0039210,3,6.87,-0.690167497
FBgn0032790,3,6.773333333,-0.270718447
FBgn0000497,3,6.92,-0.511762245
FBgn0033884,3,6.983333333,-0.67594709
FBgn0033890,3,7.173333333,-0.69326666
FBgn0033271,3,6.606666667,-0.248827001
FBgn0031375,3,6.53,-0.529852999
FBgn0039349,3,6.993333333,-0.751640149
FBgn0086906,3,7.1,-0.25200646
FBgn0040765,3,6.813333333,-0.521822569
FBgn0037309,3,6.87,-0.483728793
FBgn0037439,3,6.87,-0.803413538
FBgn0031955,3,6.606666667,-0.245091814
FBgn0037046,3,6.833333333,-0.453200956
FBgn0038809,3,6.933333333,-0.301163258
FBgn0037360,3,6.913333333,-0.297015323
FBgn0028398,3,6.8,-0.413223579
FBgn0002543,3,6.93,-0.761549999
